startDateTime,endDateTime,TFPrecipBulk,TFPrecipExpUncert,TFPrecipRangeQF,TFPrecipSciRvwQF
"2020-08-01T00:00:00Z","2020-08-01T00:30:00Z",0.000,0.000,0,
"2020-08-01T00:30:00Z","2020-08-01T01:00:00Z",0.000,0.000,0,
"2020-08-01T01:00:00Z","2020-08-01T01:30:00Z",0.000,0.000,0,
"2020-08-01T01:30:00Z","2020-08-01T02:00:00Z",0.000,0.000,0,
"2020-08-01T02:00:00Z","2020-08-01T02:30:00Z",0.000,0.000,0,
"2020-08-01T02:30:00Z","2020-08-01T03:00:00Z",0.000,0.000,0,
"2020-08-01T03:00:00Z","2020-08-01T03:30:00Z",0.000,0.000,0,
"2020-08-01T03:30:00Z","2020-08-01T04:00:00Z",0.000,0.000,0,
"2020-08-01T04:00:00Z","2020-08-01T04:30:00Z",0.000,0.000,0,
"2020-08-01T04:30:00Z","2020-08-01T05:00:00Z",0.000,0.000,0,
"2020-08-01T05:00:00Z","2020-08-01T05:30:00Z",0.000,0.000,0,
"2020-08-01T05:30:00Z","2020-08-01T06:00:00Z",0.000,0.000,0,
"2020-08-01T06:00:00Z","2020-08-01T06:30:00Z",0.000,0.000,0,
"2020-08-01T06:30:00Z","2020-08-01T07:00:00Z",0.000,0.000,0,
"2020-08-01T07:00:00Z","2020-08-01T07:30:00Z",0.000,0.000,0,
"2020-08-01T07:30:00Z","2020-08-01T08:00:00Z",0.000,0.000,0,
"2020-08-01T08:00:00Z","2020-08-01T08:30:00Z",0.000,0.000,0,
"2020-08-01T08:30:00Z","2020-08-01T09:00:00Z",0.000,0.000,0,
"2020-08-01T09:00:00Z","2020-08-01T09:30:00Z",0.000,0.000,0,
"2020-08-01T09:30:00Z","2020-08-01T10:00:00Z",0.000,0.000,0,
"2020-08-01T10:00:00Z","2020-08-01T10:30:00Z",0.000,0.000,0,
"2020-08-01T10:30:00Z","2020-08-01T11:00:00Z",0.000,0.000,0,
"2020-08-01T11:00:00Z","2020-08-01T11:30:00Z",0.000,0.000,0,
"2020-08-01T11:30:00Z","2020-08-01T12:00:00Z",0.000,0.000,0,
"2020-08-01T12:00:00Z","2020-08-01T12:30:00Z",0.000,0.000,0,
"2020-08-01T12:30:00Z","2020-08-01T13:00:00Z",0.000,0.000,0,
"2020-08-01T13:00:00Z","2020-08-01T13:30:00Z",0.000,0.000,0,
"2020-08-01T13:30:00Z","2020-08-01T14:00:00Z",0.000,0.000,0,
"2020-08-01T14:00:00Z","2020-08-01T14:30:00Z",0.000,0.000,0,
"2020-08-01T14:30:00Z","2020-08-01T15:00:00Z",0.000,0.000,0,
"2020-08-01T15:00:00Z","2020-08-01T15:30:00Z",0.000,0.000,0,
"2020-08-01T15:30:00Z","2020-08-01T16:00:00Z",0.000,0.000,0,
"2020-08-01T16:00:00Z","2020-08-01T16:30:00Z",0.000,0.000,0,
"2020-08-01T16:30:00Z","2020-08-01T17:00:00Z",0.000,0.000,0,
"2020-08-01T17:00:00Z","2020-08-01T17:30:00Z",0.000,0.000,0,
"2020-08-01T17:30:00Z","2020-08-01T18:00:00Z",0.000,0.000,0,
"2020-08-01T18:00:00Z","2020-08-01T18:30:00Z",0.000,0.000,0,
"2020-08-01T18:30:00Z","2020-08-01T19:00:00Z",0.000,0.000,0,
"2020-08-01T19:00:00Z","2020-08-01T19:30:00Z",0.000,0.000,0,
"2020-08-01T19:30:00Z","2020-08-01T20:00:00Z",0.000,0.000,0,
"2020-08-01T20:00:00Z","2020-08-01T20:30:00Z",0.000,0.000,0,
"2020-08-01T20:30:00Z","2020-08-01T21:00:00Z",0.000,0.000,0,
"2020-08-01T21:00:00Z","2020-08-01T21:30:00Z",0.000,0.000,0,
"2020-08-01T21:30:00Z","2020-08-01T22:00:00Z",0.000,0.000,0,
"2020-08-01T22:00:00Z","2020-08-01T22:30:00Z",0.000,0.000,0,
"2020-08-01T22:30:00Z","2020-08-01T23:00:00Z",0.000,0.000,0,
"2020-08-01T23:00:00Z","2020-08-01T23:30:00Z",0.000,0.000,0,
"2020-08-01T23:30:00Z","2020-08-02T00:00:00Z",0.000,0.000,0,
"2020-08-02T00:00:00Z","2020-08-02T00:30:00Z",0.000,0.000,0,
"2020-08-02T00:30:00Z","2020-08-02T01:00:00Z",0.000,0.000,0,
"2020-08-02T01:00:00Z","2020-08-02T01:30:00Z",0.000,0.000,0,
"2020-08-02T01:30:00Z","2020-08-02T02:00:00Z",0.000,0.000,0,
"2020-08-02T02:00:00Z","2020-08-02T02:30:00Z",0.000,0.000,0,
"2020-08-02T02:30:00Z","2020-08-02T03:00:00Z",0.000,0.000,0,
"2020-08-02T03:00:00Z","2020-08-02T03:30:00Z",0.000,0.000,0,
"2020-08-02T03:30:00Z","2020-08-02T04:00:00Z",0.000,0.000,0,
"2020-08-02T04:00:00Z","2020-08-02T04:30:00Z",0.000,0.000,0,
"2020-08-02T04:30:00Z","2020-08-02T05:00:00Z",0.000,0.000,0,
"2020-08-02T05:00:00Z","2020-08-02T05:30:00Z",0.000,0.000,0,
"2020-08-02T05:30:00Z","2020-08-02T06:00:00Z",0.000,0.000,0,
"2020-08-02T06:00:00Z","2020-08-02T06:30:00Z",0.000,0.000,0,
"2020-08-02T06:30:00Z","2020-08-02T07:00:00Z",0.000,0.000,0,
"2020-08-02T07:00:00Z","2020-08-02T07:30:00Z",0.000,0.000,0,
"2020-08-02T07:30:00Z","2020-08-02T08:00:00Z",0.000,0.000,0,
"2020-08-02T08:00:00Z","2020-08-02T08:30:00Z",0.000,0.000,0,
"2020-08-02T08:30:00Z","2020-08-02T09:00:00Z",0.000,0.000,0,
"2020-08-02T09:00:00Z","2020-08-02T09:30:00Z",0.000,0.000,0,
"2020-08-02T09:30:00Z","2020-08-02T10:00:00Z",0.000,0.000,0,
"2020-08-02T10:00:00Z","2020-08-02T10:30:00Z",0.000,0.000,0,
"2020-08-02T10:30:00Z","2020-08-02T11:00:00Z",0.000,0.000,0,
"2020-08-02T11:00:00Z","2020-08-02T11:30:00Z",0.000,0.000,0,
"2020-08-02T11:30:00Z","2020-08-02T12:00:00Z",0.000,0.000,0,
"2020-08-02T12:00:00Z","2020-08-02T12:30:00Z",0.000,0.000,0,
"2020-08-02T12:30:00Z","2020-08-02T13:00:00Z",0.000,0.000,0,
"2020-08-02T13:00:00Z","2020-08-02T13:30:00Z",0.000,0.000,0,
"2020-08-02T13:30:00Z","2020-08-02T14:00:00Z",0.000,0.000,0,
"2020-08-02T14:00:00Z","2020-08-02T14:30:00Z",0.000,0.000,0,
"2020-08-02T14:30:00Z","2020-08-02T15:00:00Z",0.000,0.000,0,
"2020-08-02T15:00:00Z","2020-08-02T15:30:00Z",0.000,0.000,0,
"2020-08-02T15:30:00Z","2020-08-02T16:00:00Z",0.000,0.000,0,
"2020-08-02T16:00:00Z","2020-08-02T16:30:00Z",0.000,0.000,0,
"2020-08-02T16:30:00Z","2020-08-02T17:00:00Z",0.000,0.000,0,
"2020-08-02T17:00:00Z","2020-08-02T17:30:00Z",0.000,0.000,0,
"2020-08-02T17:30:00Z","2020-08-02T18:00:00Z",0.000,0.000,0,
"2020-08-02T18:00:00Z","2020-08-02T18:30:00Z",0.000,0.000,0,
"2020-08-02T18:30:00Z","2020-08-02T19:00:00Z",0.000,0.000,0,
"2020-08-02T19:00:00Z","2020-08-02T19:30:00Z",0.000,0.000,0,
"2020-08-02T19:30:00Z","2020-08-02T20:00:00Z",0.000,0.000,0,
"2020-08-02T20:00:00Z","2020-08-02T20:30:00Z",0.000,0.000,0,
"2020-08-02T20:30:00Z","2020-08-02T21:00:00Z",0.000,0.000,0,
"2020-08-02T21:00:00Z","2020-08-02T21:30:00Z",0.000,0.000,0,
"2020-08-02T21:30:00Z","2020-08-02T22:00:00Z",0.000,0.000,0,
"2020-08-02T22:00:00Z","2020-08-02T22:30:00Z",0.000,0.000,0,
"2020-08-02T22:30:00Z","2020-08-02T23:00:00Z",0.000,0.000,0,
"2020-08-02T23:00:00Z","2020-08-02T23:30:00Z",0.000,0.000,0,
"2020-08-02T23:30:00Z","2020-08-03T00:00:00Z",0.000,0.000,0,
"2020-08-03T00:00:00Z","2020-08-03T00:30:00Z",0.000,0.000,0,
"2020-08-03T00:30:00Z","2020-08-03T01:00:00Z",0.000,0.000,0,
"2020-08-03T01:00:00Z","2020-08-03T01:30:00Z",0.000,0.000,0,
"2020-08-03T01:30:00Z","2020-08-03T02:00:00Z",0.000,0.000,0,
"2020-08-03T02:00:00Z","2020-08-03T02:30:00Z",0.000,0.000,0,
"2020-08-03T02:30:00Z","2020-08-03T03:00:00Z",0.000,0.000,0,
"2020-08-03T03:00:00Z","2020-08-03T03:30:00Z",0.000,0.000,0,
"2020-08-03T03:30:00Z","2020-08-03T04:00:00Z",0.000,0.000,0,
"2020-08-03T04:00:00Z","2020-08-03T04:30:00Z",0.000,0.000,0,
"2020-08-03T04:30:00Z","2020-08-03T05:00:00Z",0.000,0.000,0,
"2020-08-03T05:00:00Z","2020-08-03T05:30:00Z",0.000,0.000,0,
"2020-08-03T05:30:00Z","2020-08-03T06:00:00Z",0.000,0.000,0,
"2020-08-03T06:00:00Z","2020-08-03T06:30:00Z",0.000,0.000,0,
"2020-08-03T06:30:00Z","2020-08-03T07:00:00Z",0.000,0.000,0,
"2020-08-03T07:00:00Z","2020-08-03T07:30:00Z",0.000,0.000,0,
"2020-08-03T07:30:00Z","2020-08-03T08:00:00Z",0.000,0.000,0,
"2020-08-03T08:00:00Z","2020-08-03T08:30:00Z",0.000,0.000,0,
"2020-08-03T08:30:00Z","2020-08-03T09:00:00Z",0.000,0.000,0,
"2020-08-03T09:00:00Z","2020-08-03T09:30:00Z",0.000,0.000,0,
"2020-08-03T09:30:00Z","2020-08-03T10:00:00Z",0.000,0.000,0,
"2020-08-03T10:00:00Z","2020-08-03T10:30:00Z",0.000,0.000,0,
"2020-08-03T10:30:00Z","2020-08-03T11:00:00Z",0.000,0.000,0,
"2020-08-03T11:00:00Z","2020-08-03T11:30:00Z",0.000,0.000,0,
"2020-08-03T11:30:00Z","2020-08-03T12:00:00Z",0.000,0.000,0,
"2020-08-03T12:00:00Z","2020-08-03T12:30:00Z",0.000,0.000,0,
"2020-08-03T12:30:00Z","2020-08-03T13:00:00Z",0.000,0.000,0,
"2020-08-03T13:00:00Z","2020-08-03T13:30:00Z",0.000,0.000,0,
"2020-08-03T13:30:00Z","2020-08-03T14:00:00Z",0.000,0.000,0,
"2020-08-03T14:00:00Z","2020-08-03T14:30:00Z",0.000,0.000,0,
"2020-08-03T14:30:00Z","2020-08-03T15:00:00Z",0.000,0.000,0,
"2020-08-03T15:00:00Z","2020-08-03T15:30:00Z",0.000,0.000,0,
"2020-08-03T15:30:00Z","2020-08-03T16:00:00Z",0.000,0.000,0,
"2020-08-03T16:00:00Z","2020-08-03T16:30:00Z",0.000,0.000,0,
"2020-08-03T16:30:00Z","2020-08-03T17:00:00Z",0.000,0.000,0,
"2020-08-03T17:00:00Z","2020-08-03T17:30:00Z",0.000,0.000,0,
"2020-08-03T17:30:00Z","2020-08-03T18:00:00Z",0.000,0.000,0,
"2020-08-03T18:00:00Z","2020-08-03T18:30:00Z",0.000,0.000,0,
"2020-08-03T18:30:00Z","2020-08-03T19:00:00Z",0.000,0.000,0,
"2020-08-03T19:00:00Z","2020-08-03T19:30:00Z",0.000,0.000,0,
"2020-08-03T19:30:00Z","2020-08-03T20:00:00Z",0.000,0.000,0,
"2020-08-03T20:00:00Z","2020-08-03T20:30:00Z",0.000,0.000,0,
"2020-08-03T20:30:00Z","2020-08-03T21:00:00Z",0.000,0.000,0,
"2020-08-03T21:00:00Z","2020-08-03T21:30:00Z",0.000,0.000,0,
"2020-08-03T21:30:00Z","2020-08-03T22:00:00Z",0.000,0.000,0,
"2020-08-03T22:00:00Z","2020-08-03T22:30:00Z",0.000,0.000,0,
"2020-08-03T22:30:00Z","2020-08-03T23:00:00Z",0.000,0.000,0,
"2020-08-03T23:00:00Z","2020-08-03T23:30:00Z",0.000,0.000,0,
"2020-08-03T23:30:00Z","2020-08-04T00:00:00Z",0.000,0.000,0,
"2020-08-04T00:00:00Z","2020-08-04T00:30:00Z",0.000,0.000,0,
"2020-08-04T00:30:00Z","2020-08-04T01:00:00Z",0.000,0.000,0,
"2020-08-04T01:00:00Z","2020-08-04T01:30:00Z",0.000,0.000,0,
"2020-08-04T01:30:00Z","2020-08-04T02:00:00Z",0.000,0.000,0,
"2020-08-04T02:00:00Z","2020-08-04T02:30:00Z",0.000,0.000,0,
"2020-08-04T02:30:00Z","2020-08-04T03:00:00Z",0.000,0.000,0,
"2020-08-04T03:00:00Z","2020-08-04T03:30:00Z",0.000,0.000,0,
"2020-08-04T03:30:00Z","2020-08-04T04:00:00Z",0.000,0.000,0,
"2020-08-04T04:00:00Z","2020-08-04T04:30:00Z",0.000,0.000,0,
"2020-08-04T04:30:00Z","2020-08-04T05:00:00Z",0.000,0.000,0,
"2020-08-04T05:00:00Z","2020-08-04T05:30:00Z",0.000,0.000,0,
"2020-08-04T05:30:00Z","2020-08-04T06:00:00Z",0.000,0.000,0,
"2020-08-04T06:00:00Z","2020-08-04T06:30:00Z",0.000,0.000,0,
"2020-08-04T06:30:00Z","2020-08-04T07:00:00Z",0.000,0.000,0,
"2020-08-04T07:00:00Z","2020-08-04T07:30:00Z",0.000,0.000,0,
"2020-08-04T07:30:00Z","2020-08-04T08:00:00Z",0.000,0.000,0,
"2020-08-04T08:00:00Z","2020-08-04T08:30:00Z",0.000,0.000,0,
"2020-08-04T08:30:00Z","2020-08-04T09:00:00Z",0.000,0.000,0,
"2020-08-04T09:00:00Z","2020-08-04T09:30:00Z",0.000,0.000,0,
"2020-08-04T09:30:00Z","2020-08-04T10:00:00Z",0.000,0.000,0,
"2020-08-04T10:00:00Z","2020-08-04T10:30:00Z",0.000,0.000,0,
"2020-08-04T10:30:00Z","2020-08-04T11:00:00Z",0.000,0.000,0,
"2020-08-04T11:00:00Z","2020-08-04T11:30:00Z",0.000,0.000,0,
"2020-08-04T11:30:00Z","2020-08-04T12:00:00Z",0.000,0.000,0,
"2020-08-04T12:00:00Z","2020-08-04T12:30:00Z",0.000,0.000,0,
"2020-08-04T12:30:00Z","2020-08-04T13:00:00Z",0.000,0.000,0,
"2020-08-04T13:00:00Z","2020-08-04T13:30:00Z",0.000,0.000,0,
"2020-08-04T13:30:00Z","2020-08-04T14:00:00Z",0.000,0.000,0,
"2020-08-04T14:00:00Z","2020-08-04T14:30:00Z",0.000,0.000,0,
"2020-08-04T14:30:00Z","2020-08-04T15:00:00Z",0.000,0.000,0,
"2020-08-04T15:00:00Z","2020-08-04T15:30:00Z",0.000,0.000,0,
"2020-08-04T15:30:00Z","2020-08-04T16:00:00Z",0.000,0.000,0,
"2020-08-04T16:00:00Z","2020-08-04T16:30:00Z",0.000,0.000,0,
"2020-08-04T16:30:00Z","2020-08-04T17:00:00Z",0.000,0.000,0,
"2020-08-04T17:00:00Z","2020-08-04T17:30:00Z",0.000,0.000,0,
"2020-08-04T17:30:00Z","2020-08-04T18:00:00Z",0.000,0.000,0,
"2020-08-04T18:00:00Z","2020-08-04T18:30:00Z",0.000,0.000,0,
"2020-08-04T18:30:00Z","2020-08-04T19:00:00Z",0.000,0.000,0,
"2020-08-04T19:00:00Z","2020-08-04T19:30:00Z",0.000,0.000,0,
"2020-08-04T19:30:00Z","2020-08-04T20:00:00Z",0.000,0.000,0,
"2020-08-04T20:00:00Z","2020-08-04T20:30:00Z",0.000,0.000,0,
"2020-08-04T20:30:00Z","2020-08-04T21:00:00Z",0.000,0.000,0,
"2020-08-04T21:00:00Z","2020-08-04T21:30:00Z",0.000,0.000,0,
"2020-08-04T21:30:00Z","2020-08-04T22:00:00Z",0.000,0.000,0,
"2020-08-04T22:00:00Z","2020-08-04T22:30:00Z",0.000,0.000,0,
"2020-08-04T22:30:00Z","2020-08-04T23:00:00Z",0.000,0.000,0,
"2020-08-04T23:00:00Z","2020-08-04T23:30:00Z",0.000,0.000,0,
"2020-08-04T23:30:00Z","2020-08-05T00:00:00Z",0.000,0.000,0,
"2020-08-05T00:00:00Z","2020-08-05T00:30:00Z",0.000,0.000,0,
"2020-08-05T00:30:00Z","2020-08-05T01:00:00Z",0.000,0.000,0,
"2020-08-05T01:00:00Z","2020-08-05T01:30:00Z",0.000,0.000,0,
"2020-08-05T01:30:00Z","2020-08-05T02:00:00Z",0.000,0.000,0,
"2020-08-05T02:00:00Z","2020-08-05T02:30:00Z",0.000,0.000,0,
"2020-08-05T02:30:00Z","2020-08-05T03:00:00Z",0.000,0.000,0,
"2020-08-05T03:00:00Z","2020-08-05T03:30:00Z",0.000,0.000,0,
"2020-08-05T03:30:00Z","2020-08-05T04:00:00Z",0.000,0.000,0,
"2020-08-05T04:00:00Z","2020-08-05T04:30:00Z",0.000,0.000,0,
"2020-08-05T04:30:00Z","2020-08-05T05:00:00Z",0.000,0.000,0,
"2020-08-05T05:00:00Z","2020-08-05T05:30:00Z",0.000,0.000,0,
"2020-08-05T05:30:00Z","2020-08-05T06:00:00Z",0.000,0.000,0,
"2020-08-05T06:00:00Z","2020-08-05T06:30:00Z",0.000,0.000,0,
"2020-08-05T06:30:00Z","2020-08-05T07:00:00Z",0.000,0.000,0,
"2020-08-05T07:00:00Z","2020-08-05T07:30:00Z",0.000,0.000,0,
"2020-08-05T07:30:00Z","2020-08-05T08:00:00Z",0.000,0.000,0,
"2020-08-05T08:00:00Z","2020-08-05T08:30:00Z",0.000,0.000,0,
"2020-08-05T08:30:00Z","2020-08-05T09:00:00Z",0.000,0.000,0,
"2020-08-05T09:00:00Z","2020-08-05T09:30:00Z",0.000,0.000,0,
"2020-08-05T09:30:00Z","2020-08-05T10:00:00Z",0.000,0.000,0,
"2020-08-05T10:00:00Z","2020-08-05T10:30:00Z",0.000,0.000,0,
"2020-08-05T10:30:00Z","2020-08-05T11:00:00Z",0.000,0.000,0,
"2020-08-05T11:00:00Z","2020-08-05T11:30:00Z",0.000,0.000,0,
"2020-08-05T11:30:00Z","2020-08-05T12:00:00Z",0.000,0.000,0,
"2020-08-05T12:00:00Z","2020-08-05T12:30:00Z",0.000,0.000,0,
"2020-08-05T12:30:00Z","2020-08-05T13:00:00Z",0.000,0.000,0,
"2020-08-05T13:00:00Z","2020-08-05T13:30:00Z",0.000,0.000,0,
"2020-08-05T13:30:00Z","2020-08-05T14:00:00Z",0.000,0.000,0,
"2020-08-05T14:00:00Z","2020-08-05T14:30:00Z",0.000,0.000,0,
"2020-08-05T14:30:00Z","2020-08-05T15:00:00Z",0.000,0.000,0,
"2020-08-05T15:00:00Z","2020-08-05T15:30:00Z",0.000,0.000,0,
"2020-08-05T15:30:00Z","2020-08-05T16:00:00Z",0.000,0.000,0,
"2020-08-05T16:00:00Z","2020-08-05T16:30:00Z",0.000,0.000,0,
"2020-08-05T16:30:00Z","2020-08-05T17:00:00Z",0.000,0.000,0,
"2020-08-05T17:00:00Z","2020-08-05T17:30:00Z",0.000,0.000,0,
"2020-08-05T17:30:00Z","2020-08-05T18:00:00Z",0.000,0.000,0,
"2020-08-05T18:00:00Z","2020-08-05T18:30:00Z",0.000,0.000,0,
"2020-08-05T18:30:00Z","2020-08-05T19:00:00Z",0.000,0.000,0,
"2020-08-05T19:00:00Z","2020-08-05T19:30:00Z",0.000,0.000,0,
"2020-08-05T19:30:00Z","2020-08-05T20:00:00Z",0.000,0.000,0,
"2020-08-05T20:00:00Z","2020-08-05T20:30:00Z",0.000,0.000,0,
"2020-08-05T20:30:00Z","2020-08-05T21:00:00Z",0.000,0.000,0,
"2020-08-05T21:00:00Z","2020-08-05T21:30:00Z",0.000,0.000,0,
"2020-08-05T21:30:00Z","2020-08-05T22:00:00Z",0.000,0.000,0,
"2020-08-05T22:00:00Z","2020-08-05T22:30:00Z",0.000,0.000,0,
"2020-08-05T22:30:00Z","2020-08-05T23:00:00Z",0.000,0.000,0,
"2020-08-05T23:00:00Z","2020-08-05T23:30:00Z",0.000,0.000,0,
"2020-08-05T23:30:00Z","2020-08-06T00:00:00Z",0.000,0.000,0,
"2020-08-06T00:00:00Z","2020-08-06T00:30:00Z",0.000,0.000,0,
"2020-08-06T00:30:00Z","2020-08-06T01:00:00Z",0.000,0.000,0,
"2020-08-06T01:00:00Z","2020-08-06T01:30:00Z",0.000,0.000,0,
"2020-08-06T01:30:00Z","2020-08-06T02:00:00Z",0.000,0.000,0,
"2020-08-06T02:00:00Z","2020-08-06T02:30:00Z",0.000,0.000,0,
"2020-08-06T02:30:00Z","2020-08-06T03:00:00Z",0.000,0.000,0,
"2020-08-06T03:00:00Z","2020-08-06T03:30:00Z",0.000,0.000,0,
"2020-08-06T03:30:00Z","2020-08-06T04:00:00Z",0.000,0.000,0,
"2020-08-06T04:00:00Z","2020-08-06T04:30:00Z",0.000,0.000,0,
"2020-08-06T04:30:00Z","2020-08-06T05:00:00Z",0.000,0.000,0,
"2020-08-06T05:00:00Z","2020-08-06T05:30:00Z",0.000,0.000,0,
"2020-08-06T05:30:00Z","2020-08-06T06:00:00Z",0.000,0.000,0,
"2020-08-06T06:00:00Z","2020-08-06T06:30:00Z",0.000,0.000,0,
"2020-08-06T06:30:00Z","2020-08-06T07:00:00Z",0.000,0.000,0,
"2020-08-06T07:00:00Z","2020-08-06T07:30:00Z",0.000,0.000,0,
"2020-08-06T07:30:00Z","2020-08-06T08:00:00Z",0.000,0.000,0,
"2020-08-06T08:00:00Z","2020-08-06T08:30:00Z",0.000,0.000,0,
"2020-08-06T08:30:00Z","2020-08-06T09:00:00Z",0.000,0.000,0,
"2020-08-06T09:00:00Z","2020-08-06T09:30:00Z",0.000,0.000,0,
"2020-08-06T09:30:00Z","2020-08-06T10:00:00Z",0.000,0.000,0,
"2020-08-06T10:00:00Z","2020-08-06T10:30:00Z",0.000,0.000,0,
"2020-08-06T10:30:00Z","2020-08-06T11:00:00Z",0.000,0.000,0,
"2020-08-06T11:00:00Z","2020-08-06T11:30:00Z",0.000,0.000,0,
"2020-08-06T11:30:00Z","2020-08-06T12:00:00Z",0.000,0.000,0,
"2020-08-06T12:00:00Z","2020-08-06T12:30:00Z",0.000,0.000,0,
"2020-08-06T12:30:00Z","2020-08-06T13:00:00Z",0.000,0.000,0,
"2020-08-06T13:00:00Z","2020-08-06T13:30:00Z",0.000,0.000,0,
"2020-08-06T13:30:00Z","2020-08-06T14:00:00Z",0.000,0.000,0,
"2020-08-06T14:00:00Z","2020-08-06T14:30:00Z",0.000,0.000,0,
"2020-08-06T14:30:00Z","2020-08-06T15:00:00Z",0.000,0.000,0,
"2020-08-06T15:00:00Z","2020-08-06T15:30:00Z",0.000,0.000,0,
"2020-08-06T15:30:00Z","2020-08-06T16:00:00Z",0.000,0.000,0,
"2020-08-06T16:00:00Z","2020-08-06T16:30:00Z",0.000,0.000,0,
"2020-08-06T16:30:00Z","2020-08-06T17:00:00Z",0.000,0.000,0,
"2020-08-06T17:00:00Z","2020-08-06T17:30:00Z",0.000,0.000,0,
"2020-08-06T17:30:00Z","2020-08-06T18:00:00Z",0.000,0.000,0,
"2020-08-06T18:00:00Z","2020-08-06T18:30:00Z",0.000,0.000,0,
"2020-08-06T18:30:00Z","2020-08-06T19:00:00Z",0.000,0.000,0,
"2020-08-06T19:00:00Z","2020-08-06T19:30:00Z",0.000,0.000,0,
"2020-08-06T19:30:00Z","2020-08-06T20:00:00Z",0.000,0.000,0,
"2020-08-06T20:00:00Z","2020-08-06T20:30:00Z",0.000,0.000,0,
"2020-08-06T20:30:00Z","2020-08-06T21:00:00Z",0.000,0.000,0,
"2020-08-06T21:00:00Z","2020-08-06T21:30:00Z",0.000,0.000,0,
"2020-08-06T21:30:00Z","2020-08-06T22:00:00Z",0.000,0.000,0,
"2020-08-06T22:00:00Z","2020-08-06T22:30:00Z",0.000,0.000,0,
"2020-08-06T22:30:00Z","2020-08-06T23:00:00Z",0.000,0.000,0,
"2020-08-06T23:00:00Z","2020-08-06T23:30:00Z",0.000,0.000,0,
"2020-08-06T23:30:00Z","2020-08-07T00:00:00Z",0.000,0.000,0,
"2020-08-07T00:00:00Z","2020-08-07T00:30:00Z",0.000,0.000,0,
"2020-08-07T00:30:00Z","2020-08-07T01:00:00Z",0.000,0.000,0,
"2020-08-07T01:00:00Z","2020-08-07T01:30:00Z",0.000,0.000,0,
"2020-08-07T01:30:00Z","2020-08-07T02:00:00Z",0.000,0.000,0,
"2020-08-07T02:00:00Z","2020-08-07T02:30:00Z",0.000,0.000,0,
"2020-08-07T02:30:00Z","2020-08-07T03:00:00Z",0.000,0.000,0,
"2020-08-07T03:00:00Z","2020-08-07T03:30:00Z",0.000,0.000,0,
"2020-08-07T03:30:00Z","2020-08-07T04:00:00Z",0.000,0.000,0,
"2020-08-07T04:00:00Z","2020-08-07T04:30:00Z",0.000,0.000,0,
"2020-08-07T04:30:00Z","2020-08-07T05:00:00Z",0.000,0.000,0,
"2020-08-07T05:00:00Z","2020-08-07T05:30:00Z",0.000,0.000,0,
"2020-08-07T05:30:00Z","2020-08-07T06:00:00Z",0.000,0.000,0,
"2020-08-07T06:00:00Z","2020-08-07T06:30:00Z",0.000,0.000,0,
"2020-08-07T06:30:00Z","2020-08-07T07:00:00Z",0.000,0.000,0,
"2020-08-07T07:00:00Z","2020-08-07T07:30:00Z",0.000,0.000,0,
"2020-08-07T07:30:00Z","2020-08-07T08:00:00Z",0.000,0.000,0,
"2020-08-07T08:00:00Z","2020-08-07T08:30:00Z",0.000,0.000,0,
"2020-08-07T08:30:00Z","2020-08-07T09:00:00Z",0.000,0.000,0,
"2020-08-07T09:00:00Z","2020-08-07T09:30:00Z",0.000,0.000,0,
"2020-08-07T09:30:00Z","2020-08-07T10:00:00Z",0.000,0.000,0,
"2020-08-07T10:00:00Z","2020-08-07T10:30:00Z",0.000,0.000,0,
"2020-08-07T10:30:00Z","2020-08-07T11:00:00Z",0.000,0.000,0,
"2020-08-07T11:00:00Z","2020-08-07T11:30:00Z",0.000,0.000,0,
"2020-08-07T11:30:00Z","2020-08-07T12:00:00Z",0.000,0.000,0,
"2020-08-07T12:00:00Z","2020-08-07T12:30:00Z",0.000,0.000,0,
"2020-08-07T12:30:00Z","2020-08-07T13:00:00Z",0.000,0.000,0,
"2020-08-07T13:00:00Z","2020-08-07T13:30:00Z",0.000,0.000,0,
"2020-08-07T13:30:00Z","2020-08-07T14:00:00Z",0.000,0.000,0,
"2020-08-07T14:00:00Z","2020-08-07T14:30:00Z",0.000,0.000,0,
"2020-08-07T14:30:00Z","2020-08-07T15:00:00Z",0.000,0.000,0,
"2020-08-07T15:00:00Z","2020-08-07T15:30:00Z",0.000,0.000,0,
"2020-08-07T15:30:00Z","2020-08-07T16:00:00Z",0.000,0.000,0,
"2020-08-07T16:00:00Z","2020-08-07T16:30:00Z",0.000,0.000,0,
"2020-08-07T16:30:00Z","2020-08-07T17:00:00Z",0.000,0.000,0,
"2020-08-07T17:00:00Z","2020-08-07T17:30:00Z",0.000,0.000,0,
"2020-08-07T17:30:00Z","2020-08-07T18:00:00Z",0.000,0.000,0,
"2020-08-07T18:00:00Z","2020-08-07T18:30:00Z",0.000,0.000,0,
"2020-08-07T18:30:00Z","2020-08-07T19:00:00Z",0.000,0.000,0,
"2020-08-07T19:00:00Z","2020-08-07T19:30:00Z",0.000,0.000,0,
"2020-08-07T19:30:00Z","2020-08-07T20:00:00Z",0.000,0.000,0,
"2020-08-07T20:00:00Z","2020-08-07T20:30:00Z",0.000,0.000,0,
"2020-08-07T20:30:00Z","2020-08-07T21:00:00Z",0.000,0.000,0,
"2020-08-07T21:00:00Z","2020-08-07T21:30:00Z",0.000,0.000,0,
"2020-08-07T21:30:00Z","2020-08-07T22:00:00Z",0.000,0.000,0,
"2020-08-07T22:00:00Z","2020-08-07T22:30:00Z",0.000,0.000,0,
"2020-08-07T22:30:00Z","2020-08-07T23:00:00Z",0.000,0.000,0,
"2020-08-07T23:00:00Z","2020-08-07T23:30:00Z",0.000,0.000,0,
"2020-08-07T23:30:00Z","2020-08-08T00:00:00Z",0.000,0.000,0,
"2020-08-08T00:00:00Z","2020-08-08T00:30:00Z",0.000,0.000,0,
"2020-08-08T00:30:00Z","2020-08-08T01:00:00Z",0.000,0.000,0,
"2020-08-08T01:00:00Z","2020-08-08T01:30:00Z",0.000,0.000,0,
"2020-08-08T01:30:00Z","2020-08-08T02:00:00Z",0.000,0.000,0,
"2020-08-08T02:00:00Z","2020-08-08T02:30:00Z",0.000,0.000,0,
"2020-08-08T02:30:00Z","2020-08-08T03:00:00Z",0.000,0.000,0,
"2020-08-08T03:00:00Z","2020-08-08T03:30:00Z",0.000,0.000,0,
"2020-08-08T03:30:00Z","2020-08-08T04:00:00Z",0.000,0.000,0,
"2020-08-08T04:00:00Z","2020-08-08T04:30:00Z",0.000,0.000,0,
"2020-08-08T04:30:00Z","2020-08-08T05:00:00Z",0.000,0.000,0,
"2020-08-08T05:00:00Z","2020-08-08T05:30:00Z",0.000,0.000,0,
"2020-08-08T05:30:00Z","2020-08-08T06:00:00Z",0.000,0.000,0,
"2020-08-08T06:00:00Z","2020-08-08T06:30:00Z",0.000,0.000,0,
"2020-08-08T06:30:00Z","2020-08-08T07:00:00Z",0.000,0.000,0,
"2020-08-08T07:00:00Z","2020-08-08T07:30:00Z",0.000,0.000,0,
"2020-08-08T07:30:00Z","2020-08-08T08:00:00Z",0.000,0.000,0,
"2020-08-08T08:00:00Z","2020-08-08T08:30:00Z",0.000,0.000,0,
"2020-08-08T08:30:00Z","2020-08-08T09:00:00Z",0.000,0.000,0,
"2020-08-08T09:00:00Z","2020-08-08T09:30:00Z",0.000,0.000,0,
"2020-08-08T09:30:00Z","2020-08-08T10:00:00Z",0.000,0.000,0,
"2020-08-08T10:00:00Z","2020-08-08T10:30:00Z",0.000,0.000,0,
"2020-08-08T10:30:00Z","2020-08-08T11:00:00Z",0.000,0.000,0,
"2020-08-08T11:00:00Z","2020-08-08T11:30:00Z",0.000,0.000,0,
"2020-08-08T11:30:00Z","2020-08-08T12:00:00Z",0.000,0.000,0,
"2020-08-08T12:00:00Z","2020-08-08T12:30:00Z",0.000,0.000,0,
"2020-08-08T12:30:00Z","2020-08-08T13:00:00Z",0.000,0.000,0,
"2020-08-08T13:00:00Z","2020-08-08T13:30:00Z",0.000,0.000,0,
"2020-08-08T13:30:00Z","2020-08-08T14:00:00Z",0.000,0.000,0,
"2020-08-08T14:00:00Z","2020-08-08T14:30:00Z",0.000,0.000,0,
"2020-08-08T14:30:00Z","2020-08-08T15:00:00Z",0.000,0.000,0,
"2020-08-08T15:00:00Z","2020-08-08T15:30:00Z",0.000,0.000,0,
"2020-08-08T15:30:00Z","2020-08-08T16:00:00Z",0.000,0.000,0,
"2020-08-08T16:00:00Z","2020-08-08T16:30:00Z",0.000,0.000,0,
"2020-08-08T16:30:00Z","2020-08-08T17:00:00Z",0.000,0.000,0,
"2020-08-08T17:00:00Z","2020-08-08T17:30:00Z",0.000,0.000,0,
"2020-08-08T17:30:00Z","2020-08-08T18:00:00Z",0.000,0.000,0,
"2020-08-08T18:00:00Z","2020-08-08T18:30:00Z",0.000,0.000,0,
"2020-08-08T18:30:00Z","2020-08-08T19:00:00Z",0.000,0.000,0,
"2020-08-08T19:00:00Z","2020-08-08T19:30:00Z",0.000,0.000,0,
"2020-08-08T19:30:00Z","2020-08-08T20:00:00Z",0.000,0.000,0,
"2020-08-08T20:00:00Z","2020-08-08T20:30:00Z",0.000,0.000,0,
"2020-08-08T20:30:00Z","2020-08-08T21:00:00Z",0.000,0.000,0,
"2020-08-08T21:00:00Z","2020-08-08T21:30:00Z",0.000,0.000,0,
"2020-08-08T21:30:00Z","2020-08-08T22:00:00Z",0.000,0.000,0,
"2020-08-08T22:00:00Z","2020-08-08T22:30:00Z",0.000,0.000,0,
"2020-08-08T22:30:00Z","2020-08-08T23:00:00Z",0.000,0.000,0,
"2020-08-08T23:00:00Z","2020-08-08T23:30:00Z",0.000,0.000,0,
"2020-08-08T23:30:00Z","2020-08-09T00:00:00Z",0.000,0.000,0,
"2020-08-09T00:00:00Z","2020-08-09T00:30:00Z",0.000,0.000,0,
"2020-08-09T00:30:00Z","2020-08-09T01:00:00Z",0.000,0.000,0,
"2020-08-09T01:00:00Z","2020-08-09T01:30:00Z",0.000,0.000,0,
"2020-08-09T01:30:00Z","2020-08-09T02:00:00Z",0.000,0.000,0,
"2020-08-09T02:00:00Z","2020-08-09T02:30:00Z",0.000,0.000,0,
"2020-08-09T02:30:00Z","2020-08-09T03:00:00Z",0.000,0.000,0,
"2020-08-09T03:00:00Z","2020-08-09T03:30:00Z",0.000,0.000,0,
"2020-08-09T03:30:00Z","2020-08-09T04:00:00Z",0.000,0.000,0,
"2020-08-09T04:00:00Z","2020-08-09T04:30:00Z",0.000,0.000,0,
"2020-08-09T04:30:00Z","2020-08-09T05:00:00Z",0.000,0.000,0,
"2020-08-09T05:00:00Z","2020-08-09T05:30:00Z",0.000,0.000,0,
"2020-08-09T05:30:00Z","2020-08-09T06:00:00Z",0.000,0.000,0,
"2020-08-09T06:00:00Z","2020-08-09T06:30:00Z",0.000,0.000,0,
"2020-08-09T06:30:00Z","2020-08-09T07:00:00Z",0.000,0.000,0,
"2020-08-09T07:00:00Z","2020-08-09T07:30:00Z",0.000,0.000,0,
"2020-08-09T07:30:00Z","2020-08-09T08:00:00Z",0.000,0.000,0,
"2020-08-09T08:00:00Z","2020-08-09T08:30:00Z",0.000,0.000,0,
"2020-08-09T08:30:00Z","2020-08-09T09:00:00Z",0.000,0.000,0,
"2020-08-09T09:00:00Z","2020-08-09T09:30:00Z",0.000,0.000,0,
"2020-08-09T09:30:00Z","2020-08-09T10:00:00Z",0.000,0.000,0,
"2020-08-09T10:00:00Z","2020-08-09T10:30:00Z",0.000,0.000,0,
"2020-08-09T10:30:00Z","2020-08-09T11:00:00Z",0.000,0.000,0,
"2020-08-09T11:00:00Z","2020-08-09T11:30:00Z",0.000,0.000,0,
"2020-08-09T11:30:00Z","2020-08-09T12:00:00Z",0.000,0.000,0,
"2020-08-09T12:00:00Z","2020-08-09T12:30:00Z",0.000,0.000,0,
"2020-08-09T12:30:00Z","2020-08-09T13:00:00Z",0.000,0.000,0,
"2020-08-09T13:00:00Z","2020-08-09T13:30:00Z",0.000,0.000,0,
"2020-08-09T13:30:00Z","2020-08-09T14:00:00Z",0.000,0.000,0,
"2020-08-09T14:00:00Z","2020-08-09T14:30:00Z",0.000,0.000,0,
"2020-08-09T14:30:00Z","2020-08-09T15:00:00Z",0.000,0.000,0,
"2020-08-09T15:00:00Z","2020-08-09T15:30:00Z",0.000,0.000,0,
"2020-08-09T15:30:00Z","2020-08-09T16:00:00Z",0.000,0.000,0,
"2020-08-09T16:00:00Z","2020-08-09T16:30:00Z",0.000,0.000,0,
"2020-08-09T16:30:00Z","2020-08-09T17:00:00Z",0.000,0.000,0,
"2020-08-09T17:00:00Z","2020-08-09T17:30:00Z",0.000,0.000,0,
"2020-08-09T17:30:00Z","2020-08-09T18:00:00Z",0.000,0.000,0,
"2020-08-09T18:00:00Z","2020-08-09T18:30:00Z",0.000,0.000,0,
"2020-08-09T18:30:00Z","2020-08-09T19:00:00Z",0.000,0.000,0,
"2020-08-09T19:00:00Z","2020-08-09T19:30:00Z",0.000,0.000,0,
"2020-08-09T19:30:00Z","2020-08-09T20:00:00Z",0.000,0.000,0,
"2020-08-09T20:00:00Z","2020-08-09T20:30:00Z",0.000,0.000,0,
"2020-08-09T20:30:00Z","2020-08-09T21:00:00Z",0.000,0.000,0,
"2020-08-09T21:00:00Z","2020-08-09T21:30:00Z",0.000,0.000,0,
"2020-08-09T21:30:00Z","2020-08-09T22:00:00Z",0.000,0.000,0,
"2020-08-09T22:00:00Z","2020-08-09T22:30:00Z",0.000,0.000,0,
"2020-08-09T22:30:00Z","2020-08-09T23:00:00Z",0.000,0.000,0,
"2020-08-09T23:00:00Z","2020-08-09T23:30:00Z",0.000,0.000,0,
"2020-08-09T23:30:00Z","2020-08-10T00:00:00Z",0.000,0.000,0,
"2020-08-10T00:00:00Z","2020-08-10T00:30:00Z",0.000,0.000,0,
"2020-08-10T00:30:00Z","2020-08-10T01:00:00Z",0.000,0.000,0,
"2020-08-10T01:00:00Z","2020-08-10T01:30:00Z",0.000,0.000,0,
"2020-08-10T01:30:00Z","2020-08-10T02:00:00Z",0.000,0.000,0,
"2020-08-10T02:00:00Z","2020-08-10T02:30:00Z",0.000,0.000,0,
"2020-08-10T02:30:00Z","2020-08-10T03:00:00Z",0.000,0.000,0,
"2020-08-10T03:00:00Z","2020-08-10T03:30:00Z",0.000,0.000,0,
"2020-08-10T03:30:00Z","2020-08-10T04:00:00Z",0.000,0.000,0,
"2020-08-10T04:00:00Z","2020-08-10T04:30:00Z",0.000,0.000,0,
"2020-08-10T04:30:00Z","2020-08-10T05:00:00Z",0.000,0.000,0,
"2020-08-10T05:00:00Z","2020-08-10T05:30:00Z",0.000,0.000,0,
"2020-08-10T05:30:00Z","2020-08-10T06:00:00Z",0.000,0.000,0,
"2020-08-10T06:00:00Z","2020-08-10T06:30:00Z",0.000,0.000,0,
"2020-08-10T06:30:00Z","2020-08-10T07:00:00Z",0.000,0.000,0,
"2020-08-10T07:00:00Z","2020-08-10T07:30:00Z",0.000,0.000,0,
"2020-08-10T07:30:00Z","2020-08-10T08:00:00Z",0.000,0.000,0,
"2020-08-10T08:00:00Z","2020-08-10T08:30:00Z",0.000,0.000,0,
"2020-08-10T08:30:00Z","2020-08-10T09:00:00Z",0.000,0.000,0,
"2020-08-10T09:00:00Z","2020-08-10T09:30:00Z",0.000,0.000,0,
"2020-08-10T09:30:00Z","2020-08-10T10:00:00Z",0.000,0.000,0,
"2020-08-10T10:00:00Z","2020-08-10T10:30:00Z",0.000,0.000,0,
"2020-08-10T10:30:00Z","2020-08-10T11:00:00Z",0.000,0.000,0,
"2020-08-10T11:00:00Z","2020-08-10T11:30:00Z",0.000,0.000,0,
"2020-08-10T11:30:00Z","2020-08-10T12:00:00Z",0.000,0.000,0,
"2020-08-10T12:00:00Z","2020-08-10T12:30:00Z",0.000,0.000,0,
"2020-08-10T12:30:00Z","2020-08-10T13:00:00Z",0.000,0.000,0,
"2020-08-10T13:00:00Z","2020-08-10T13:30:00Z",0.000,0.000,0,
"2020-08-10T13:30:00Z","2020-08-10T14:00:00Z",0.000,0.000,0,
"2020-08-10T14:00:00Z","2020-08-10T14:30:00Z",0.000,0.000,0,
"2020-08-10T14:30:00Z","2020-08-10T15:00:00Z",0.000,0.000,0,
"2020-08-10T15:00:00Z","2020-08-10T15:30:00Z",0.000,0.000,0,
"2020-08-10T15:30:00Z","2020-08-10T16:00:00Z",0.000,0.000,0,
"2020-08-10T16:00:00Z","2020-08-10T16:30:00Z",0.000,0.000,0,
"2020-08-10T16:30:00Z","2020-08-10T17:00:00Z",0.000,0.000,0,
"2020-08-10T17:00:00Z","2020-08-10T17:30:00Z",0.000,0.000,0,
"2020-08-10T17:30:00Z","2020-08-10T18:00:00Z",0.000,0.000,0,
"2020-08-10T18:00:00Z","2020-08-10T18:30:00Z",0.000,0.000,0,
"2020-08-10T18:30:00Z","2020-08-10T19:00:00Z",0.000,0.000,0,
"2020-08-10T19:00:00Z","2020-08-10T19:30:00Z",0.000,0.000,0,
"2020-08-10T19:30:00Z","2020-08-10T20:00:00Z",0.000,0.000,0,
"2020-08-10T20:00:00Z","2020-08-10T20:30:00Z",0.000,0.000,0,
"2020-08-10T20:30:00Z","2020-08-10T21:00:00Z",0.000,0.000,0,
"2020-08-10T21:00:00Z","2020-08-10T21:30:00Z",0.000,0.000,0,
"2020-08-10T21:30:00Z","2020-08-10T22:00:00Z",0.000,0.000,0,
"2020-08-10T22:00:00Z","2020-08-10T22:30:00Z",0.000,0.000,0,
"2020-08-10T22:30:00Z","2020-08-10T23:00:00Z",0.000,0.000,0,
"2020-08-10T23:00:00Z","2020-08-10T23:30:00Z",0.000,0.000,0,
"2020-08-10T23:30:00Z","2020-08-11T00:00:00Z",0.000,0.000,0,
"2020-08-11T00:00:00Z","2020-08-11T00:30:00Z",0.000,0.000,0,
"2020-08-11T00:30:00Z","2020-08-11T01:00:00Z",0.000,0.000,0,
"2020-08-11T01:00:00Z","2020-08-11T01:30:00Z",0.000,0.000,0,
"2020-08-11T01:30:00Z","2020-08-11T02:00:00Z",0.000,0.000,0,
"2020-08-11T02:00:00Z","2020-08-11T02:30:00Z",0.000,0.000,0,
"2020-08-11T02:30:00Z","2020-08-11T03:00:00Z",0.000,0.000,0,
"2020-08-11T03:00:00Z","2020-08-11T03:30:00Z",0.000,0.000,0,
"2020-08-11T03:30:00Z","2020-08-11T04:00:00Z",0.000,0.000,0,
"2020-08-11T04:00:00Z","2020-08-11T04:30:00Z",0.000,0.000,0,
"2020-08-11T04:30:00Z","2020-08-11T05:00:00Z",0.000,0.000,0,
"2020-08-11T05:00:00Z","2020-08-11T05:30:00Z",0.000,0.000,0,
"2020-08-11T05:30:00Z","2020-08-11T06:00:00Z",0.000,0.000,0,
"2020-08-11T06:00:00Z","2020-08-11T06:30:00Z",0.000,0.000,0,
"2020-08-11T06:30:00Z","2020-08-11T07:00:00Z",0.000,0.000,0,
"2020-08-11T07:00:00Z","2020-08-11T07:30:00Z",0.000,0.000,0,
"2020-08-11T07:30:00Z","2020-08-11T08:00:00Z",0.000,0.000,0,
"2020-08-11T08:00:00Z","2020-08-11T08:30:00Z",0.000,0.000,0,
"2020-08-11T08:30:00Z","2020-08-11T09:00:00Z",0.000,0.000,0,
"2020-08-11T09:00:00Z","2020-08-11T09:30:00Z",0.000,0.000,0,
"2020-08-11T09:30:00Z","2020-08-11T10:00:00Z",0.000,0.000,0,
"2020-08-11T10:00:00Z","2020-08-11T10:30:00Z",0.000,0.000,0,
"2020-08-11T10:30:00Z","2020-08-11T11:00:00Z",0.000,0.000,0,
"2020-08-11T11:00:00Z","2020-08-11T11:30:00Z",0.000,0.000,0,
"2020-08-11T11:30:00Z","2020-08-11T12:00:00Z",0.000,0.000,0,
"2020-08-11T12:00:00Z","2020-08-11T12:30:00Z",0.000,0.000,0,
"2020-08-11T12:30:00Z","2020-08-11T13:00:00Z",0.000,0.000,0,
"2020-08-11T13:00:00Z","2020-08-11T13:30:00Z",0.000,0.000,0,
"2020-08-11T13:30:00Z","2020-08-11T14:00:00Z",0.000,0.000,0,
"2020-08-11T14:00:00Z","2020-08-11T14:30:00Z",0.000,0.000,0,
"2020-08-11T14:30:00Z","2020-08-11T15:00:00Z",0.000,0.000,0,
"2020-08-11T15:00:00Z","2020-08-11T15:30:00Z",0.000,0.000,0,
"2020-08-11T15:30:00Z","2020-08-11T16:00:00Z",0.000,0.000,0,
"2020-08-11T16:00:00Z","2020-08-11T16:30:00Z",0.000,0.000,0,
"2020-08-11T16:30:00Z","2020-08-11T17:00:00Z",0.000,0.000,0,
"2020-08-11T17:00:00Z","2020-08-11T17:30:00Z",0.000,0.000,0,
"2020-08-11T17:30:00Z","2020-08-11T18:00:00Z",0.000,0.000,0,
"2020-08-11T18:00:00Z","2020-08-11T18:30:00Z",0.000,0.000,0,
"2020-08-11T18:30:00Z","2020-08-11T19:00:00Z",0.000,0.000,0,
"2020-08-11T19:00:00Z","2020-08-11T19:30:00Z",0.000,0.000,0,
"2020-08-11T19:30:00Z","2020-08-11T20:00:00Z",0.000,0.000,0,
"2020-08-11T20:00:00Z","2020-08-11T20:30:00Z",0.000,0.000,0,
"2020-08-11T20:30:00Z","2020-08-11T21:00:00Z",0.000,0.000,0,
"2020-08-11T21:00:00Z","2020-08-11T21:30:00Z",0.000,0.000,0,
"2020-08-11T21:30:00Z","2020-08-11T22:00:00Z",0.000,0.000,0,
"2020-08-11T22:00:00Z","2020-08-11T22:30:00Z",0.000,0.000,0,
"2020-08-11T22:30:00Z","2020-08-11T23:00:00Z",0.000,0.000,0,
"2020-08-11T23:00:00Z","2020-08-11T23:30:00Z",0.000,0.000,0,
"2020-08-11T23:30:00Z","2020-08-12T00:00:00Z",0.000,0.000,0,
"2020-08-12T00:00:00Z","2020-08-12T00:30:00Z",0.000,0.000,0,
"2020-08-12T00:30:00Z","2020-08-12T01:00:00Z",0.000,0.000,0,
"2020-08-12T01:00:00Z","2020-08-12T01:30:00Z",0.000,0.000,0,
"2020-08-12T01:30:00Z","2020-08-12T02:00:00Z",0.000,0.000,0,
"2020-08-12T02:00:00Z","2020-08-12T02:30:00Z",0.000,0.000,0,
"2020-08-12T02:30:00Z","2020-08-12T03:00:00Z",0.000,0.000,0,
"2020-08-12T03:00:00Z","2020-08-12T03:30:00Z",0.000,0.000,0,
"2020-08-12T03:30:00Z","2020-08-12T04:00:00Z",0.000,0.000,0,
"2020-08-12T04:00:00Z","2020-08-12T04:30:00Z",0.000,0.000,0,
"2020-08-12T04:30:00Z","2020-08-12T05:00:00Z",0.000,0.000,0,
"2020-08-12T05:00:00Z","2020-08-12T05:30:00Z",0.000,0.000,0,
"2020-08-12T05:30:00Z","2020-08-12T06:00:00Z",0.000,0.000,0,
"2020-08-12T06:00:00Z","2020-08-12T06:30:00Z",0.000,0.000,0,
"2020-08-12T06:30:00Z","2020-08-12T07:00:00Z",0.000,0.000,0,
"2020-08-12T07:00:00Z","2020-08-12T07:30:00Z",0.000,0.000,0,
"2020-08-12T07:30:00Z","2020-08-12T08:00:00Z",0.000,0.000,0,
"2020-08-12T08:00:00Z","2020-08-12T08:30:00Z",0.000,0.000,0,
"2020-08-12T08:30:00Z","2020-08-12T09:00:00Z",0.000,0.000,0,
"2020-08-12T09:00:00Z","2020-08-12T09:30:00Z",0.000,0.000,0,
"2020-08-12T09:30:00Z","2020-08-12T10:00:00Z",0.000,0.000,0,
"2020-08-12T10:00:00Z","2020-08-12T10:30:00Z",0.000,0.000,0,
"2020-08-12T10:30:00Z","2020-08-12T11:00:00Z",0.000,0.000,0,
"2020-08-12T11:00:00Z","2020-08-12T11:30:00Z",0.000,0.000,0,
"2020-08-12T11:30:00Z","2020-08-12T12:00:00Z",0.000,0.000,0,
"2020-08-12T12:00:00Z","2020-08-12T12:30:00Z",0.000,0.000,0,
"2020-08-12T12:30:00Z","2020-08-12T13:00:00Z",0.000,0.000,0,
"2020-08-12T13:00:00Z","2020-08-12T13:30:00Z",0.000,0.000,0,
"2020-08-12T13:30:00Z","2020-08-12T14:00:00Z",0.000,0.000,0,
"2020-08-12T14:00:00Z","2020-08-12T14:30:00Z",0.000,0.000,0,
"2020-08-12T14:30:00Z","2020-08-12T15:00:00Z",0.000,0.000,0,
"2020-08-12T15:00:00Z","2020-08-12T15:30:00Z",0.000,0.000,0,
"2020-08-12T15:30:00Z","2020-08-12T16:00:00Z",0.000,0.000,0,
"2020-08-12T16:00:00Z","2020-08-12T16:30:00Z",0.000,0.000,0,
"2020-08-12T16:30:00Z","2020-08-12T17:00:00Z",0.000,0.000,0,
"2020-08-12T17:00:00Z","2020-08-12T17:30:00Z",0.000,0.000,0,
"2020-08-12T17:30:00Z","2020-08-12T18:00:00Z",0.000,0.000,0,
"2020-08-12T18:00:00Z","2020-08-12T18:30:00Z",0.000,0.000,0,
"2020-08-12T18:30:00Z","2020-08-12T19:00:00Z",0.000,0.000,0,
"2020-08-12T19:00:00Z","2020-08-12T19:30:00Z",0.000,0.000,0,
"2020-08-12T19:30:00Z","2020-08-12T20:00:00Z",0.000,0.000,0,
"2020-08-12T20:00:00Z","2020-08-12T20:30:00Z",0.000,0.000,0,
"2020-08-12T20:30:00Z","2020-08-12T21:00:00Z",0.000,0.000,0,
"2020-08-12T21:00:00Z","2020-08-12T21:30:00Z",0.000,0.000,0,
"2020-08-12T21:30:00Z","2020-08-12T22:00:00Z",0.000,0.000,0,
"2020-08-12T22:00:00Z","2020-08-12T22:30:00Z",0.000,0.000,0,
"2020-08-12T22:30:00Z","2020-08-12T23:00:00Z",0.000,0.000,0,
"2020-08-12T23:00:00Z","2020-08-12T23:30:00Z",0.000,0.000,0,
"2020-08-12T23:30:00Z","2020-08-13T00:00:00Z",0.000,0.000,0,
"2020-08-13T00:00:00Z","2020-08-13T00:30:00Z",0.000,0.000,0,
"2020-08-13T00:30:00Z","2020-08-13T01:00:00Z",0.000,0.000,0,
"2020-08-13T01:00:00Z","2020-08-13T01:30:00Z",0.000,0.000,0,
"2020-08-13T01:30:00Z","2020-08-13T02:00:00Z",0.000,0.000,0,
"2020-08-13T02:00:00Z","2020-08-13T02:30:00Z",0.000,0.000,0,
"2020-08-13T02:30:00Z","2020-08-13T03:00:00Z",0.000,0.000,0,
"2020-08-13T03:00:00Z","2020-08-13T03:30:00Z",0.000,0.000,0,
"2020-08-13T03:30:00Z","2020-08-13T04:00:00Z",0.000,0.000,0,
"2020-08-13T04:00:00Z","2020-08-13T04:30:00Z",0.000,0.000,0,
"2020-08-13T04:30:00Z","2020-08-13T05:00:00Z",0.000,0.000,0,
"2020-08-13T05:00:00Z","2020-08-13T05:30:00Z",0.000,0.000,0,
"2020-08-13T05:30:00Z","2020-08-13T06:00:00Z",0.000,0.000,0,
"2020-08-13T06:00:00Z","2020-08-13T06:30:00Z",0.000,0.000,0,
"2020-08-13T06:30:00Z","2020-08-13T07:00:00Z",0.000,0.000,0,
"2020-08-13T07:00:00Z","2020-08-13T07:30:00Z",0.000,0.000,0,
"2020-08-13T07:30:00Z","2020-08-13T08:00:00Z",0.000,0.000,0,
"2020-08-13T08:00:00Z","2020-08-13T08:30:00Z",0.000,0.000,0,
"2020-08-13T08:30:00Z","2020-08-13T09:00:00Z",0.000,0.000,0,
"2020-08-13T09:00:00Z","2020-08-13T09:30:00Z",0.000,0.000,0,
"2020-08-13T09:30:00Z","2020-08-13T10:00:00Z",0.000,0.000,0,
"2020-08-13T10:00:00Z","2020-08-13T10:30:00Z",0.000,0.000,0,
"2020-08-13T10:30:00Z","2020-08-13T11:00:00Z",0.000,0.000,0,
"2020-08-13T11:00:00Z","2020-08-13T11:30:00Z",0.000,0.000,0,
"2020-08-13T11:30:00Z","2020-08-13T12:00:00Z",0.000,0.000,0,
"2020-08-13T12:00:00Z","2020-08-13T12:30:00Z",0.000,0.000,0,
"2020-08-13T12:30:00Z","2020-08-13T13:00:00Z",0.000,0.000,0,
"2020-08-13T13:00:00Z","2020-08-13T13:30:00Z",0.000,0.000,0,
"2020-08-13T13:30:00Z","2020-08-13T14:00:00Z",0.000,0.000,0,
"2020-08-13T14:00:00Z","2020-08-13T14:30:00Z",0.000,0.000,0,
"2020-08-13T14:30:00Z","2020-08-13T15:00:00Z",0.000,0.000,0,
"2020-08-13T15:00:00Z","2020-08-13T15:30:00Z",0.000,0.000,0,
"2020-08-13T15:30:00Z","2020-08-13T16:00:00Z",0.000,0.000,0,
"2020-08-13T16:00:00Z","2020-08-13T16:30:00Z",0.000,0.000,0,
"2020-08-13T16:30:00Z","2020-08-13T17:00:00Z",0.000,0.000,0,
"2020-08-13T17:00:00Z","2020-08-13T17:30:00Z",0.000,0.000,0,
"2020-08-13T17:30:00Z","2020-08-13T18:00:00Z",0.000,0.000,0,
"2020-08-13T18:00:00Z","2020-08-13T18:30:00Z",0.000,0.000,0,
"2020-08-13T18:30:00Z","2020-08-13T19:00:00Z",0.000,0.000,0,
"2020-08-13T19:00:00Z","2020-08-13T19:30:00Z",0.000,0.000,0,
"2020-08-13T19:30:00Z","2020-08-13T20:00:00Z",0.000,0.000,0,
"2020-08-13T20:00:00Z","2020-08-13T20:30:00Z",0.000,0.000,0,
"2020-08-13T20:30:00Z","2020-08-13T21:00:00Z",0.000,0.000,0,
"2020-08-13T21:00:00Z","2020-08-13T21:30:00Z",0.000,0.000,0,
"2020-08-13T21:30:00Z","2020-08-13T22:00:00Z",0.000,0.000,0,
"2020-08-13T22:00:00Z","2020-08-13T22:30:00Z",0.000,0.000,0,
"2020-08-13T22:30:00Z","2020-08-13T23:00:00Z",0.000,0.000,0,
"2020-08-13T23:00:00Z","2020-08-13T23:30:00Z",0.000,0.000,0,
"2020-08-13T23:30:00Z","2020-08-14T00:00:00Z",0.000,0.000,0,
"2020-08-14T00:00:00Z","2020-08-14T00:30:00Z",0.000,0.000,0,
"2020-08-14T00:30:00Z","2020-08-14T01:00:00Z",0.000,0.000,0,
"2020-08-14T01:00:00Z","2020-08-14T01:30:00Z",0.000,0.000,0,
"2020-08-14T01:30:00Z","2020-08-14T02:00:00Z",0.000,0.000,0,
"2020-08-14T02:00:00Z","2020-08-14T02:30:00Z",0.000,0.000,0,
"2020-08-14T02:30:00Z","2020-08-14T03:00:00Z",0.000,0.000,0,
"2020-08-14T03:00:00Z","2020-08-14T03:30:00Z",0.000,0.000,0,
"2020-08-14T03:30:00Z","2020-08-14T04:00:00Z",0.000,0.000,0,
"2020-08-14T04:00:00Z","2020-08-14T04:30:00Z",0.000,0.000,0,
"2020-08-14T04:30:00Z","2020-08-14T05:00:00Z",0.000,0.000,0,
"2020-08-14T05:00:00Z","2020-08-14T05:30:00Z",0.000,0.000,0,
"2020-08-14T05:30:00Z","2020-08-14T06:00:00Z",0.000,0.000,0,
"2020-08-14T06:00:00Z","2020-08-14T06:30:00Z",0.000,0.000,0,
"2020-08-14T06:30:00Z","2020-08-14T07:00:00Z",0.000,0.000,0,
"2020-08-14T07:00:00Z","2020-08-14T07:30:00Z",0.000,0.000,0,
"2020-08-14T07:30:00Z","2020-08-14T08:00:00Z",0.000,0.000,0,
"2020-08-14T08:00:00Z","2020-08-14T08:30:00Z",0.000,0.000,0,
"2020-08-14T08:30:00Z","2020-08-14T09:00:00Z",0.000,0.000,0,
"2020-08-14T09:00:00Z","2020-08-14T09:30:00Z",0.000,0.000,0,
"2020-08-14T09:30:00Z","2020-08-14T10:00:00Z",0.000,0.000,0,
"2020-08-14T10:00:00Z","2020-08-14T10:30:00Z",0.000,0.000,0,
"2020-08-14T10:30:00Z","2020-08-14T11:00:00Z",0.000,0.000,0,
"2020-08-14T11:00:00Z","2020-08-14T11:30:00Z",0.000,0.000,0,
"2020-08-14T11:30:00Z","2020-08-14T12:00:00Z",0.000,0.000,0,
"2020-08-14T12:00:00Z","2020-08-14T12:30:00Z",0.000,0.000,0,
"2020-08-14T12:30:00Z","2020-08-14T13:00:00Z",0.000,0.000,0,
"2020-08-14T13:00:00Z","2020-08-14T13:30:00Z",0.000,0.000,0,
"2020-08-14T13:30:00Z","2020-08-14T14:00:00Z",0.000,0.000,0,
"2020-08-14T14:00:00Z","2020-08-14T14:30:00Z",0.000,0.000,0,
"2020-08-14T14:30:00Z","2020-08-14T15:00:00Z",0.000,0.000,0,
"2020-08-14T15:00:00Z","2020-08-14T15:30:00Z",0.000,0.000,0,
"2020-08-14T15:30:00Z","2020-08-14T16:00:00Z",0.000,0.000,0,
"2020-08-14T16:00:00Z","2020-08-14T16:30:00Z",0.000,0.000,0,
"2020-08-14T16:30:00Z","2020-08-14T17:00:00Z",0.000,0.000,0,
"2020-08-14T17:00:00Z","2020-08-14T17:30:00Z",0.000,0.000,0,
"2020-08-14T17:30:00Z","2020-08-14T18:00:00Z",0.000,0.000,0,
"2020-08-14T18:00:00Z","2020-08-14T18:30:00Z",0.000,0.000,0,
"2020-08-14T18:30:00Z","2020-08-14T19:00:00Z",0.000,0.000,0,
"2020-08-14T19:00:00Z","2020-08-14T19:30:00Z",0.000,0.000,0,
"2020-08-14T19:30:00Z","2020-08-14T20:00:00Z",0.000,0.000,0,
"2020-08-14T20:00:00Z","2020-08-14T20:30:00Z",0.000,0.000,0,
"2020-08-14T20:30:00Z","2020-08-14T21:00:00Z",0.000,0.000,0,
"2020-08-14T21:00:00Z","2020-08-14T21:30:00Z",0.000,0.000,0,
"2020-08-14T21:30:00Z","2020-08-14T22:00:00Z",0.000,0.000,0,
"2020-08-14T22:00:00Z","2020-08-14T22:30:00Z",0.000,0.000,0,
"2020-08-14T22:30:00Z","2020-08-14T23:00:00Z",0.000,0.000,0,
"2020-08-14T23:00:00Z","2020-08-14T23:30:00Z",0.000,0.000,0,
"2020-08-14T23:30:00Z","2020-08-15T00:00:00Z",0.000,0.000,0,
"2020-08-15T00:00:00Z","2020-08-15T00:30:00Z",0.000,0.000,0,
"2020-08-15T00:30:00Z","2020-08-15T01:00:00Z",0.000,0.000,0,
"2020-08-15T01:00:00Z","2020-08-15T01:30:00Z",0.000,0.000,0,
"2020-08-15T01:30:00Z","2020-08-15T02:00:00Z",0.000,0.000,0,
"2020-08-15T02:00:00Z","2020-08-15T02:30:00Z",0.000,0.000,0,
"2020-08-15T02:30:00Z","2020-08-15T03:00:00Z",0.000,0.000,0,
"2020-08-15T03:00:00Z","2020-08-15T03:30:00Z",0.000,0.000,0,
"2020-08-15T03:30:00Z","2020-08-15T04:00:00Z",0.000,0.000,0,
"2020-08-15T04:00:00Z","2020-08-15T04:30:00Z",0.000,0.000,0,
"2020-08-15T04:30:00Z","2020-08-15T05:00:00Z",0.000,0.000,0,
"2020-08-15T05:00:00Z","2020-08-15T05:30:00Z",0.000,0.000,0,
"2020-08-15T05:30:00Z","2020-08-15T06:00:00Z",0.000,0.000,0,
"2020-08-15T06:00:00Z","2020-08-15T06:30:00Z",0.000,0.000,0,
"2020-08-15T06:30:00Z","2020-08-15T07:00:00Z",0.000,0.000,0,
"2020-08-15T07:00:00Z","2020-08-15T07:30:00Z",0.000,0.000,0,
"2020-08-15T07:30:00Z","2020-08-15T08:00:00Z",0.000,0.000,0,
"2020-08-15T08:00:00Z","2020-08-15T08:30:00Z",0.000,0.000,0,
"2020-08-15T08:30:00Z","2020-08-15T09:00:00Z",0.000,0.000,0,
"2020-08-15T09:00:00Z","2020-08-15T09:30:00Z",0.000,0.000,0,
"2020-08-15T09:30:00Z","2020-08-15T10:00:00Z",0.000,0.000,0,
"2020-08-15T10:00:00Z","2020-08-15T10:30:00Z",0.000,0.000,0,
"2020-08-15T10:30:00Z","2020-08-15T11:00:00Z",0.000,0.000,0,
"2020-08-15T11:00:00Z","2020-08-15T11:30:00Z",0.000,0.000,0,
"2020-08-15T11:30:00Z","2020-08-15T12:00:00Z",0.000,0.000,0,
"2020-08-15T12:00:00Z","2020-08-15T12:30:00Z",0.000,0.000,0,
"2020-08-15T12:30:00Z","2020-08-15T13:00:00Z",0.000,0.000,0,
"2020-08-15T13:00:00Z","2020-08-15T13:30:00Z",0.000,0.000,0,
"2020-08-15T13:30:00Z","2020-08-15T14:00:00Z",0.000,0.000,0,
"2020-08-15T14:00:00Z","2020-08-15T14:30:00Z",0.000,0.000,0,
"2020-08-15T14:30:00Z","2020-08-15T15:00:00Z",0.000,0.000,0,
"2020-08-15T15:00:00Z","2020-08-15T15:30:00Z",0.000,0.000,0,
"2020-08-15T15:30:00Z","2020-08-15T16:00:00Z",0.000,0.000,0,
"2020-08-15T16:00:00Z","2020-08-15T16:30:00Z",0.000,0.000,0,
"2020-08-15T16:30:00Z","2020-08-15T17:00:00Z",0.000,0.000,0,
"2020-08-15T17:00:00Z","2020-08-15T17:30:00Z",0.000,0.000,0,
"2020-08-15T17:30:00Z","2020-08-15T18:00:00Z",0.000,0.000,0,
"2020-08-15T18:00:00Z","2020-08-15T18:30:00Z",0.000,0.000,0,
"2020-08-15T18:30:00Z","2020-08-15T19:00:00Z",0.000,0.000,0,
"2020-08-15T19:00:00Z","2020-08-15T19:30:00Z",0.000,0.000,0,
"2020-08-15T19:30:00Z","2020-08-15T20:00:00Z",0.000,0.000,0,
"2020-08-15T20:00:00Z","2020-08-15T20:30:00Z",0.000,0.000,0,
"2020-08-15T20:30:00Z","2020-08-15T21:00:00Z",0.000,0.000,0,
"2020-08-15T21:00:00Z","2020-08-15T21:30:00Z",0.000,0.000,0,
"2020-08-15T21:30:00Z","2020-08-15T22:00:00Z",0.000,0.000,0,
"2020-08-15T22:00:00Z","2020-08-15T22:30:00Z",0.000,0.000,0,
"2020-08-15T22:30:00Z","2020-08-15T23:00:00Z",0.000,0.000,0,
"2020-08-15T23:00:00Z","2020-08-15T23:30:00Z",0.000,0.000,0,
"2020-08-15T23:30:00Z","2020-08-16T00:00:00Z",0.000,0.000,0,
"2020-08-16T00:00:00Z","2020-08-16T00:30:00Z",0.000,0.000,0,
"2020-08-16T00:30:00Z","2020-08-16T01:00:00Z",0.000,0.000,0,
"2020-08-16T01:00:00Z","2020-08-16T01:30:00Z",0.000,0.000,0,
"2020-08-16T01:30:00Z","2020-08-16T02:00:00Z",0.000,0.000,0,
"2020-08-16T02:00:00Z","2020-08-16T02:30:00Z",0.000,0.000,0,
"2020-08-16T02:30:00Z","2020-08-16T03:00:00Z",0.000,0.000,0,
"2020-08-16T03:00:00Z","2020-08-16T03:30:00Z",0.000,0.000,0,
"2020-08-16T03:30:00Z","2020-08-16T04:00:00Z",0.000,0.000,0,
"2020-08-16T04:00:00Z","2020-08-16T04:30:00Z",0.000,0.000,0,
"2020-08-16T04:30:00Z","2020-08-16T05:00:00Z",0.000,0.000,0,
"2020-08-16T05:00:00Z","2020-08-16T05:30:00Z",0.000,0.000,0,
"2020-08-16T05:30:00Z","2020-08-16T06:00:00Z",0.000,0.000,0,
"2020-08-16T06:00:00Z","2020-08-16T06:30:00Z",0.000,0.000,0,
"2020-08-16T06:30:00Z","2020-08-16T07:00:00Z",0.000,0.000,0,
"2020-08-16T07:00:00Z","2020-08-16T07:30:00Z",0.000,0.000,0,
"2020-08-16T07:30:00Z","2020-08-16T08:00:00Z",0.000,0.000,0,
"2020-08-16T08:00:00Z","2020-08-16T08:30:00Z",0.000,0.000,0,
"2020-08-16T08:30:00Z","2020-08-16T09:00:00Z",0.000,0.000,0,
"2020-08-16T09:00:00Z","2020-08-16T09:30:00Z",0.000,0.000,0,
"2020-08-16T09:30:00Z","2020-08-16T10:00:00Z",0.000,0.000,0,
"2020-08-16T10:00:00Z","2020-08-16T10:30:00Z",0.000,0.000,0,
"2020-08-16T10:30:00Z","2020-08-16T11:00:00Z",0.000,0.000,0,
"2020-08-16T11:00:00Z","2020-08-16T11:30:00Z",0.000,0.000,0,
"2020-08-16T11:30:00Z","2020-08-16T12:00:00Z",0.000,0.000,0,
"2020-08-16T12:00:00Z","2020-08-16T12:30:00Z",0.000,0.000,0,
"2020-08-16T12:30:00Z","2020-08-16T13:00:00Z",0.000,0.000,0,
"2020-08-16T13:00:00Z","2020-08-16T13:30:00Z",0.000,0.000,0,
"2020-08-16T13:30:00Z","2020-08-16T14:00:00Z",0.000,0.000,0,
"2020-08-16T14:00:00Z","2020-08-16T14:30:00Z",0.000,0.000,0,
"2020-08-16T14:30:00Z","2020-08-16T15:00:00Z",0.000,0.000,0,
"2020-08-16T15:00:00Z","2020-08-16T15:30:00Z",0.000,0.000,0,
"2020-08-16T15:30:00Z","2020-08-16T16:00:00Z",0.000,0.000,0,
"2020-08-16T16:00:00Z","2020-08-16T16:30:00Z",0.000,0.000,0,
"2020-08-16T16:30:00Z","2020-08-16T17:00:00Z",0.000,0.000,0,
"2020-08-16T17:00:00Z","2020-08-16T17:30:00Z",0.000,0.000,0,
"2020-08-16T17:30:00Z","2020-08-16T18:00:00Z",0.000,0.000,0,
"2020-08-16T18:00:00Z","2020-08-16T18:30:00Z",0.000,0.000,0,
"2020-08-16T18:30:00Z","2020-08-16T19:00:00Z",0.000,0.000,0,
"2020-08-16T19:00:00Z","2020-08-16T19:30:00Z",0.000,0.000,0,
"2020-08-16T19:30:00Z","2020-08-16T20:00:00Z",0.000,0.000,0,
"2020-08-16T20:00:00Z","2020-08-16T20:30:00Z",0.000,0.000,0,
"2020-08-16T20:30:00Z","2020-08-16T21:00:00Z",0.000,0.000,0,
"2020-08-16T21:00:00Z","2020-08-16T21:30:00Z",0.000,0.000,0,
"2020-08-16T21:30:00Z","2020-08-16T22:00:00Z",0.000,0.000,0,
"2020-08-16T22:00:00Z","2020-08-16T22:30:00Z",0.000,0.000,0,
"2020-08-16T22:30:00Z","2020-08-16T23:00:00Z",0.000,0.000,0,
"2020-08-16T23:00:00Z","2020-08-16T23:30:00Z",0.000,0.000,0,
"2020-08-16T23:30:00Z","2020-08-17T00:00:00Z",0.000,0.000,0,
"2020-08-17T00:00:00Z","2020-08-17T00:30:00Z",0.000,0.000,0,
"2020-08-17T00:30:00Z","2020-08-17T01:00:00Z",0.000,0.000,0,
"2020-08-17T01:00:00Z","2020-08-17T01:30:00Z",0.000,0.000,0,
"2020-08-17T01:30:00Z","2020-08-17T02:00:00Z",0.000,0.000,0,
"2020-08-17T02:00:00Z","2020-08-17T02:30:00Z",0.000,0.000,0,
"2020-08-17T02:30:00Z","2020-08-17T03:00:00Z",0.000,0.000,0,
"2020-08-17T03:00:00Z","2020-08-17T03:30:00Z",0.000,0.000,0,
"2020-08-17T03:30:00Z","2020-08-17T04:00:00Z",0.000,0.000,0,
"2020-08-17T04:00:00Z","2020-08-17T04:30:00Z",0.000,0.000,0,
"2020-08-17T04:30:00Z","2020-08-17T05:00:00Z",0.000,0.000,0,
"2020-08-17T05:00:00Z","2020-08-17T05:30:00Z",0.000,0.000,0,
"2020-08-17T05:30:00Z","2020-08-17T06:00:00Z",0.000,0.000,0,
"2020-08-17T06:00:00Z","2020-08-17T06:30:00Z",0.000,0.000,0,
"2020-08-17T06:30:00Z","2020-08-17T07:00:00Z",0.000,0.000,0,
"2020-08-17T07:00:00Z","2020-08-17T07:30:00Z",0.000,0.000,0,
"2020-08-17T07:30:00Z","2020-08-17T08:00:00Z",0.000,0.000,0,
"2020-08-17T08:00:00Z","2020-08-17T08:30:00Z",0.000,0.000,0,
"2020-08-17T08:30:00Z","2020-08-17T09:00:00Z",0.000,0.000,0,
"2020-08-17T09:00:00Z","2020-08-17T09:30:00Z",0.000,0.000,0,
"2020-08-17T09:30:00Z","2020-08-17T10:00:00Z",0.000,0.000,0,
"2020-08-17T10:00:00Z","2020-08-17T10:30:00Z",0.000,0.000,0,
"2020-08-17T10:30:00Z","2020-08-17T11:00:00Z",0.000,0.000,0,
"2020-08-17T11:00:00Z","2020-08-17T11:30:00Z",0.000,0.000,0,
"2020-08-17T11:30:00Z","2020-08-17T12:00:00Z",0.000,0.000,0,
"2020-08-17T12:00:00Z","2020-08-17T12:30:00Z",0.000,0.000,0,
"2020-08-17T12:30:00Z","2020-08-17T13:00:00Z",0.000,0.000,0,
"2020-08-17T13:00:00Z","2020-08-17T13:30:00Z",0.000,0.000,0,
"2020-08-17T13:30:00Z","2020-08-17T14:00:00Z",0.000,0.000,0,
"2020-08-17T14:00:00Z","2020-08-17T14:30:00Z",0.000,0.000,0,
"2020-08-17T14:30:00Z","2020-08-17T15:00:00Z",0.000,0.000,0,
"2020-08-17T15:00:00Z","2020-08-17T15:30:00Z",0.000,0.000,0,
"2020-08-17T15:30:00Z","2020-08-17T16:00:00Z",0.000,0.000,0,
"2020-08-17T16:00:00Z","2020-08-17T16:30:00Z",0.000,0.000,0,
"2020-08-17T16:30:00Z","2020-08-17T17:00:00Z",0.000,0.000,0,
"2020-08-17T17:00:00Z","2020-08-17T17:30:00Z",0.000,0.000,0,
"2020-08-17T17:30:00Z","2020-08-17T18:00:00Z",0.000,0.000,0,
"2020-08-17T18:00:00Z","2020-08-17T18:30:00Z",0.000,0.000,0,
"2020-08-17T18:30:00Z","2020-08-17T19:00:00Z",0.000,0.000,0,
"2020-08-17T19:00:00Z","2020-08-17T19:30:00Z",0.000,0.000,0,
"2020-08-17T19:30:00Z","2020-08-17T20:00:00Z",0.000,0.000,0,
"2020-08-17T20:00:00Z","2020-08-17T20:30:00Z",0.000,0.000,0,
"2020-08-17T20:30:00Z","2020-08-17T21:00:00Z",0.000,0.000,0,
"2020-08-17T21:00:00Z","2020-08-17T21:30:00Z",0.000,0.000,0,
"2020-08-17T21:30:00Z","2020-08-17T22:00:00Z",0.000,0.000,0,
"2020-08-17T22:00:00Z","2020-08-17T22:30:00Z",0.000,0.000,0,
"2020-08-17T22:30:00Z","2020-08-17T23:00:00Z",0.000,0.000,0,
"2020-08-17T23:00:00Z","2020-08-17T23:30:00Z",0.000,0.000,0,
"2020-08-17T23:30:00Z","2020-08-18T00:00:00Z",0.000,0.000,0,
"2020-08-18T00:00:00Z","2020-08-18T00:30:00Z",0.000,0.000,0,
"2020-08-18T00:30:00Z","2020-08-18T01:00:00Z",0.000,0.000,0,
"2020-08-18T01:00:00Z","2020-08-18T01:30:00Z",0.000,0.000,0,
"2020-08-18T01:30:00Z","2020-08-18T02:00:00Z",0.000,0.000,0,
"2020-08-18T02:00:00Z","2020-08-18T02:30:00Z",0.000,0.000,0,
"2020-08-18T02:30:00Z","2020-08-18T03:00:00Z",0.000,0.000,0,
"2020-08-18T03:00:00Z","2020-08-18T03:30:00Z",0.000,0.000,0,
"2020-08-18T03:30:00Z","2020-08-18T04:00:00Z",0.000,0.000,0,
"2020-08-18T04:00:00Z","2020-08-18T04:30:00Z",0.000,0.000,0,
"2020-08-18T04:30:00Z","2020-08-18T05:00:00Z",0.000,0.000,0,
"2020-08-18T05:00:00Z","2020-08-18T05:30:00Z",0.000,0.000,0,
"2020-08-18T05:30:00Z","2020-08-18T06:00:00Z",0.000,0.000,0,
"2020-08-18T06:00:00Z","2020-08-18T06:30:00Z",0.000,0.000,0,
"2020-08-18T06:30:00Z","2020-08-18T07:00:00Z",0.000,0.000,0,
"2020-08-18T07:00:00Z","2020-08-18T07:30:00Z",0.000,0.000,0,
"2020-08-18T07:30:00Z","2020-08-18T08:00:00Z",0.000,0.000,0,
"2020-08-18T08:00:00Z","2020-08-18T08:30:00Z",0.000,0.000,0,
"2020-08-18T08:30:00Z","2020-08-18T09:00:00Z",0.000,0.000,0,
"2020-08-18T09:00:00Z","2020-08-18T09:30:00Z",0.000,0.000,0,
"2020-08-18T09:30:00Z","2020-08-18T10:00:00Z",0.000,0.000,0,
"2020-08-18T10:00:00Z","2020-08-18T10:30:00Z",0.000,0.000,0,
"2020-08-18T10:30:00Z","2020-08-18T11:00:00Z",0.000,0.000,0,
"2020-08-18T11:00:00Z","2020-08-18T11:30:00Z",0.000,0.000,0,
"2020-08-18T11:30:00Z","2020-08-18T12:00:00Z",0.000,0.000,0,
"2020-08-18T12:00:00Z","2020-08-18T12:30:00Z",0.000,0.000,0,
"2020-08-18T12:30:00Z","2020-08-18T13:00:00Z",0.000,0.000,0,
"2020-08-18T13:00:00Z","2020-08-18T13:30:00Z",0.000,0.000,0,
"2020-08-18T13:30:00Z","2020-08-18T14:00:00Z",0.000,0.000,0,
"2020-08-18T14:00:00Z","2020-08-18T14:30:00Z",0.000,0.000,0,
"2020-08-18T14:30:00Z","2020-08-18T15:00:00Z",0.000,0.000,0,
"2020-08-18T15:00:00Z","2020-08-18T15:30:00Z",0.000,0.000,0,
"2020-08-18T15:30:00Z","2020-08-18T16:00:00Z",0.000,0.000,0,
"2020-08-18T16:00:00Z","2020-08-18T16:30:00Z",0.000,0.000,0,
"2020-08-18T16:30:00Z","2020-08-18T17:00:00Z",0.000,0.000,0,
"2020-08-18T17:00:00Z","2020-08-18T17:30:00Z",0.000,0.000,0,
"2020-08-18T17:30:00Z","2020-08-18T18:00:00Z",0.000,0.000,0,
"2020-08-18T18:00:00Z","2020-08-18T18:30:00Z",0.000,0.000,0,
"2020-08-18T18:30:00Z","2020-08-18T19:00:00Z",0.000,0.000,0,
"2020-08-18T19:00:00Z","2020-08-18T19:30:00Z",0.000,0.000,0,
"2020-08-18T19:30:00Z","2020-08-18T20:00:00Z",0.000,0.000,0,
"2020-08-18T20:00:00Z","2020-08-18T20:30:00Z",0.000,0.000,0,
"2020-08-18T20:30:00Z","2020-08-18T21:00:00Z",0.000,0.000,0,
"2020-08-18T21:00:00Z","2020-08-18T21:30:00Z",0.000,0.000,0,
"2020-08-18T21:30:00Z","2020-08-18T22:00:00Z",0.000,0.000,0,
"2020-08-18T22:00:00Z","2020-08-18T22:30:00Z",0.000,0.000,0,
"2020-08-18T22:30:00Z","2020-08-18T23:00:00Z",0.000,0.000,0,
"2020-08-18T23:00:00Z","2020-08-18T23:30:00Z",0.000,0.000,0,
"2020-08-18T23:30:00Z","2020-08-19T00:00:00Z",0.000,0.000,0,
"2020-08-19T00:00:00Z","2020-08-19T00:30:00Z",0.000,0.000,0,
"2020-08-19T00:30:00Z","2020-08-19T01:00:00Z",0.000,0.000,0,
"2020-08-19T01:00:00Z","2020-08-19T01:30:00Z",0.000,0.000,0,
"2020-08-19T01:30:00Z","2020-08-19T02:00:00Z",0.000,0.000,0,
"2020-08-19T02:00:00Z","2020-08-19T02:30:00Z",0.000,0.000,0,
"2020-08-19T02:30:00Z","2020-08-19T03:00:00Z",0.000,0.000,0,
"2020-08-19T03:00:00Z","2020-08-19T03:30:00Z",0.000,0.000,0,
"2020-08-19T03:30:00Z","2020-08-19T04:00:00Z",0.000,0.000,0,
"2020-08-19T04:00:00Z","2020-08-19T04:30:00Z",0.000,0.000,0,
"2020-08-19T04:30:00Z","2020-08-19T05:00:00Z",0.000,0.000,0,
"2020-08-19T05:00:00Z","2020-08-19T05:30:00Z",0.000,0.000,0,
"2020-08-19T05:30:00Z","2020-08-19T06:00:00Z",0.000,0.000,0,
"2020-08-19T06:00:00Z","2020-08-19T06:30:00Z",0.000,0.000,0,
"2020-08-19T06:30:00Z","2020-08-19T07:00:00Z",0.000,0.000,0,
"2020-08-19T07:00:00Z","2020-08-19T07:30:00Z",0.000,0.000,0,
"2020-08-19T07:30:00Z","2020-08-19T08:00:00Z",0.065,0.002,0,
"2020-08-19T08:00:00Z","2020-08-19T08:30:00Z",0.000,0.000,0,
"2020-08-19T08:30:00Z","2020-08-19T09:00:00Z",0.000,0.000,0,
"2020-08-19T09:00:00Z","2020-08-19T09:30:00Z",0.000,0.000,0,
"2020-08-19T09:30:00Z","2020-08-19T10:00:00Z",0.000,0.000,0,
"2020-08-19T10:00:00Z","2020-08-19T10:30:00Z",0.000,0.000,0,
"2020-08-19T10:30:00Z","2020-08-19T11:00:00Z",0.000,0.000,0,
"2020-08-19T11:00:00Z","2020-08-19T11:30:00Z",0.000,0.000,0,
"2020-08-19T11:30:00Z","2020-08-19T12:00:00Z",0.000,0.000,0,
"2020-08-19T12:00:00Z","2020-08-19T12:30:00Z",0.000,0.000,0,
"2020-08-19T12:30:00Z","2020-08-19T13:00:00Z",0.000,0.000,0,
"2020-08-19T13:00:00Z","2020-08-19T13:30:00Z",0.000,0.000,0,
"2020-08-19T13:30:00Z","2020-08-19T14:00:00Z",0.000,0.000,0,
"2020-08-19T14:00:00Z","2020-08-19T14:30:00Z",0.000,0.000,0,
"2020-08-19T14:30:00Z","2020-08-19T15:00:00Z",0.000,0.000,0,
"2020-08-19T15:00:00Z","2020-08-19T15:30:00Z",0.000,0.000,0,
"2020-08-19T15:30:00Z","2020-08-19T16:00:00Z",0.000,0.000,0,
"2020-08-19T16:00:00Z","2020-08-19T16:30:00Z",0.000,0.000,0,
"2020-08-19T16:30:00Z","2020-08-19T17:00:00Z",0.000,0.000,0,
"2020-08-19T17:00:00Z","2020-08-19T17:30:00Z",0.000,0.000,0,
"2020-08-19T17:30:00Z","2020-08-19T18:00:00Z",0.000,0.000,0,
"2020-08-19T18:00:00Z","2020-08-19T18:30:00Z",0.000,0.000,0,
"2020-08-19T18:30:00Z","2020-08-19T19:00:00Z",0.000,0.000,0,
"2020-08-19T19:00:00Z","2020-08-19T19:30:00Z",0.000,0.000,0,
"2020-08-19T19:30:00Z","2020-08-19T20:00:00Z",0.000,0.000,0,
"2020-08-19T20:00:00Z","2020-08-19T20:30:00Z",0.000,0.000,0,
"2020-08-19T20:30:00Z","2020-08-19T21:00:00Z",0.000,0.000,0,
"2020-08-19T21:00:00Z","2020-08-19T21:30:00Z",0.000,0.000,0,
"2020-08-19T21:30:00Z","2020-08-19T22:00:00Z",0.000,0.000,0,
"2020-08-19T22:00:00Z","2020-08-19T22:30:00Z",0.000,0.000,0,
"2020-08-19T22:30:00Z","2020-08-19T23:00:00Z",0.000,0.000,0,
"2020-08-19T23:00:00Z","2020-08-19T23:30:00Z",0.000,0.000,0,
"2020-08-19T23:30:00Z","2020-08-20T00:00:00Z",0.000,0.000,0,
"2020-08-20T00:00:00Z","2020-08-20T00:30:00Z",0.000,0.000,0,
"2020-08-20T00:30:00Z","2020-08-20T01:00:00Z",0.000,0.000,0,
"2020-08-20T01:00:00Z","2020-08-20T01:30:00Z",0.000,0.000,0,
"2020-08-20T01:30:00Z","2020-08-20T02:00:00Z",0.000,0.000,0,
"2020-08-20T02:00:00Z","2020-08-20T02:30:00Z",0.000,0.000,0,
"2020-08-20T02:30:00Z","2020-08-20T03:00:00Z",0.000,0.000,0,
"2020-08-20T03:00:00Z","2020-08-20T03:30:00Z",0.000,0.000,0,
"2020-08-20T03:30:00Z","2020-08-20T04:00:00Z",0.000,0.000,0,
"2020-08-20T04:00:00Z","2020-08-20T04:30:00Z",0.000,0.000,0,
"2020-08-20T04:30:00Z","2020-08-20T05:00:00Z",0.000,0.000,0,
"2020-08-20T05:00:00Z","2020-08-20T05:30:00Z",0.000,0.000,0,
"2020-08-20T05:30:00Z","2020-08-20T06:00:00Z",0.000,0.000,0,
"2020-08-20T06:00:00Z","2020-08-20T06:30:00Z",0.000,0.000,0,
"2020-08-20T06:30:00Z","2020-08-20T07:00:00Z",0.000,0.000,0,
"2020-08-20T07:00:00Z","2020-08-20T07:30:00Z",0.000,0.000,0,
"2020-08-20T07:30:00Z","2020-08-20T08:00:00Z",0.000,0.000,0,
"2020-08-20T08:00:00Z","2020-08-20T08:30:00Z",0.000,0.000,0,
"2020-08-20T08:30:00Z","2020-08-20T09:00:00Z",0.000,0.000,0,
"2020-08-20T09:00:00Z","2020-08-20T09:30:00Z",0.000,0.000,0,
"2020-08-20T09:30:00Z","2020-08-20T10:00:00Z",0.000,0.000,0,
"2020-08-20T10:00:00Z","2020-08-20T10:30:00Z",0.000,0.000,0,
"2020-08-20T10:30:00Z","2020-08-20T11:00:00Z",0.000,0.000,0,
"2020-08-20T11:00:00Z","2020-08-20T11:30:00Z",0.000,0.000,0,
"2020-08-20T11:30:00Z","2020-08-20T12:00:00Z",0.000,0.000,0,
"2020-08-20T12:00:00Z","2020-08-20T12:30:00Z",0.000,0.000,0,
"2020-08-20T12:30:00Z","2020-08-20T13:00:00Z",0.000,0.000,0,
"2020-08-20T13:00:00Z","2020-08-20T13:30:00Z",0.000,0.000,0,
"2020-08-20T13:30:00Z","2020-08-20T14:00:00Z",0.000,0.000,0,
"2020-08-20T14:00:00Z","2020-08-20T14:30:00Z",0.000,0.000,0,
"2020-08-20T14:30:00Z","2020-08-20T15:00:00Z",0.000,0.000,0,
"2020-08-20T15:00:00Z","2020-08-20T15:30:00Z",0.000,0.000,0,
"2020-08-20T15:30:00Z","2020-08-20T16:00:00Z",0.000,0.000,0,
"2020-08-20T16:00:00Z","2020-08-20T16:30:00Z",0.000,0.000,0,
"2020-08-20T16:30:00Z","2020-08-20T17:00:00Z",0.000,0.000,0,
"2020-08-20T17:00:00Z","2020-08-20T17:30:00Z",0.000,0.000,0,
"2020-08-20T17:30:00Z","2020-08-20T18:00:00Z",0.000,0.000,0,
"2020-08-20T18:00:00Z","2020-08-20T18:30:00Z",0.000,0.000,0,
"2020-08-20T18:30:00Z","2020-08-20T19:00:00Z",0.000,0.000,0,
"2020-08-20T19:00:00Z","2020-08-20T19:30:00Z",0.000,0.000,0,
"2020-08-20T19:30:00Z","2020-08-20T20:00:00Z",0.000,0.000,0,
"2020-08-20T20:00:00Z","2020-08-20T20:30:00Z",0.000,0.000,0,
"2020-08-20T20:30:00Z","2020-08-20T21:00:00Z",0.000,0.000,0,
"2020-08-20T21:00:00Z","2020-08-20T21:30:00Z",0.000,0.000,0,
"2020-08-20T21:30:00Z","2020-08-20T22:00:00Z",0.000,0.000,0,
"2020-08-20T22:00:00Z","2020-08-20T22:30:00Z",0.000,0.000,0,
"2020-08-20T22:30:00Z","2020-08-20T23:00:00Z",0.000,0.000,0,
"2020-08-20T23:00:00Z","2020-08-20T23:30:00Z",0.000,0.000,0,
"2020-08-20T23:30:00Z","2020-08-21T00:00:00Z",0.000,0.000,0,
"2020-08-21T00:00:00Z","2020-08-21T00:30:00Z",0.000,0.000,0,
"2020-08-21T00:30:00Z","2020-08-21T01:00:00Z",0.000,0.000,0,
"2020-08-21T01:00:00Z","2020-08-21T01:30:00Z",0.000,0.000,0,
"2020-08-21T01:30:00Z","2020-08-21T02:00:00Z",0.000,0.000,0,
"2020-08-21T02:00:00Z","2020-08-21T02:30:00Z",0.000,0.000,0,
"2020-08-21T02:30:00Z","2020-08-21T03:00:00Z",0.000,0.000,0,
"2020-08-21T03:00:00Z","2020-08-21T03:30:00Z",0.000,0.000,0,
"2020-08-21T03:30:00Z","2020-08-21T04:00:00Z",0.000,0.000,0,
"2020-08-21T04:00:00Z","2020-08-21T04:30:00Z",0.000,0.000,0,
"2020-08-21T04:30:00Z","2020-08-21T05:00:00Z",0.000,0.000,0,
"2020-08-21T05:00:00Z","2020-08-21T05:30:00Z",0.000,0.000,0,
"2020-08-21T05:30:00Z","2020-08-21T06:00:00Z",0.000,0.000,0,
"2020-08-21T06:00:00Z","2020-08-21T06:30:00Z",0.000,0.000,0,
"2020-08-21T06:30:00Z","2020-08-21T07:00:00Z",0.000,0.000,0,
"2020-08-21T07:00:00Z","2020-08-21T07:30:00Z",0.000,0.000,0,
"2020-08-21T07:30:00Z","2020-08-21T08:00:00Z",0.000,0.000,0,
"2020-08-21T08:00:00Z","2020-08-21T08:30:00Z",0.000,0.000,0,
"2020-08-21T08:30:00Z","2020-08-21T09:00:00Z",0.000,0.000,0,
"2020-08-21T09:00:00Z","2020-08-21T09:30:00Z",0.000,0.000,0,
"2020-08-21T09:30:00Z","2020-08-21T10:00:00Z",0.000,0.000,0,
"2020-08-21T10:00:00Z","2020-08-21T10:30:00Z",0.000,0.000,0,
"2020-08-21T10:30:00Z","2020-08-21T11:00:00Z",0.000,0.000,0,
"2020-08-21T11:00:00Z","2020-08-21T11:30:00Z",0.000,0.000,0,
"2020-08-21T11:30:00Z","2020-08-21T12:00:00Z",0.000,0.000,0,
"2020-08-21T12:00:00Z","2020-08-21T12:30:00Z",0.000,0.000,0,
"2020-08-21T12:30:00Z","2020-08-21T13:00:00Z",0.000,0.000,0,
"2020-08-21T13:00:00Z","2020-08-21T13:30:00Z",0.000,0.000,0,
"2020-08-21T13:30:00Z","2020-08-21T14:00:00Z",0.000,0.000,0,
"2020-08-21T14:00:00Z","2020-08-21T14:30:00Z",0.000,0.000,0,
"2020-08-21T14:30:00Z","2020-08-21T15:00:00Z",0.000,0.000,0,
"2020-08-21T15:00:00Z","2020-08-21T15:30:00Z",0.000,0.000,0,
"2020-08-21T15:30:00Z","2020-08-21T16:00:00Z",0.000,0.000,0,
"2020-08-21T16:00:00Z","2020-08-21T16:30:00Z",0.000,0.000,0,
"2020-08-21T16:30:00Z","2020-08-21T17:00:00Z",0.000,0.000,0,
"2020-08-21T17:00:00Z","2020-08-21T17:30:00Z",0.000,0.000,0,
"2020-08-21T17:30:00Z","2020-08-21T18:00:00Z",0.000,0.000,0,
"2020-08-21T18:00:00Z","2020-08-21T18:30:00Z",0.000,0.000,0,
"2020-08-21T18:30:00Z","2020-08-21T19:00:00Z",0.000,0.000,0,
"2020-08-21T19:00:00Z","2020-08-21T19:30:00Z",0.000,0.000,0,
"2020-08-21T19:30:00Z","2020-08-21T20:00:00Z",0.000,0.000,0,
"2020-08-21T20:00:00Z","2020-08-21T20:30:00Z",0.000,0.000,0,
"2020-08-21T20:30:00Z","2020-08-21T21:00:00Z",0.000,0.000,0,
"2020-08-21T21:00:00Z","2020-08-21T21:30:00Z",0.000,0.000,0,
"2020-08-21T21:30:00Z","2020-08-21T22:00:00Z",0.000,0.000,0,
"2020-08-21T22:00:00Z","2020-08-21T22:30:00Z",0.000,0.000,0,
"2020-08-21T22:30:00Z","2020-08-21T23:00:00Z",0.000,0.000,0,
"2020-08-21T23:00:00Z","2020-08-21T23:30:00Z",0.000,0.000,0,
"2020-08-21T23:30:00Z","2020-08-22T00:00:00Z",0.000,0.000,0,
"2020-08-22T00:00:00Z","2020-08-22T00:30:00Z",0.000,0.000,0,
"2020-08-22T00:30:00Z","2020-08-22T01:00:00Z",0.000,0.000,0,
"2020-08-22T01:00:00Z","2020-08-22T01:30:00Z",0.000,0.000,0,
"2020-08-22T01:30:00Z","2020-08-22T02:00:00Z",0.000,0.000,0,
"2020-08-22T02:00:00Z","2020-08-22T02:30:00Z",0.000,0.000,0,
"2020-08-22T02:30:00Z","2020-08-22T03:00:00Z",0.000,0.000,0,
"2020-08-22T03:00:00Z","2020-08-22T03:30:00Z",0.000,0.000,0,
"2020-08-22T03:30:00Z","2020-08-22T04:00:00Z",0.000,0.000,0,
"2020-08-22T04:00:00Z","2020-08-22T04:30:00Z",0.000,0.000,0,
"2020-08-22T04:30:00Z","2020-08-22T05:00:00Z",0.000,0.000,0,
"2020-08-22T05:00:00Z","2020-08-22T05:30:00Z",0.000,0.000,0,
"2020-08-22T05:30:00Z","2020-08-22T06:00:00Z",0.065,0.002,0,
"2020-08-22T06:00:00Z","2020-08-22T06:30:00Z",0.065,0.002,0,
"2020-08-22T06:30:00Z","2020-08-22T07:00:00Z",0.000,0.000,0,
"2020-08-22T07:00:00Z","2020-08-22T07:30:00Z",0.065,0.002,0,
"2020-08-22T07:30:00Z","2020-08-22T08:00:00Z",0.000,0.000,0,
"2020-08-22T08:00:00Z","2020-08-22T08:30:00Z",0.000,0.000,0,
"2020-08-22T08:30:00Z","2020-08-22T09:00:00Z",0.000,0.000,0,
"2020-08-22T09:00:00Z","2020-08-22T09:30:00Z",0.000,0.000,0,
"2020-08-22T09:30:00Z","2020-08-22T10:00:00Z",0.000,0.000,0,
"2020-08-22T10:00:00Z","2020-08-22T10:30:00Z",0.000,0.000,0,
"2020-08-22T10:30:00Z","2020-08-22T11:00:00Z",0.000,0.000,0,
"2020-08-22T11:00:00Z","2020-08-22T11:30:00Z",0.000,0.000,0,
"2020-08-22T11:30:00Z","2020-08-22T12:00:00Z",0.000,0.000,0,
"2020-08-22T12:00:00Z","2020-08-22T12:30:00Z",0.000,0.000,0,
"2020-08-22T12:30:00Z","2020-08-22T13:00:00Z",0.000,0.000,0,
"2020-08-22T13:00:00Z","2020-08-22T13:30:00Z",0.065,0.002,0,
"2020-08-22T13:30:00Z","2020-08-22T14:00:00Z",0.000,0.000,0,
"2020-08-22T14:00:00Z","2020-08-22T14:30:00Z",0.000,0.000,0,
"2020-08-22T14:30:00Z","2020-08-22T15:00:00Z",0.000,0.000,0,
"2020-08-22T15:00:00Z","2020-08-22T15:30:00Z",0.000,0.000,0,
"2020-08-22T15:30:00Z","2020-08-22T16:00:00Z",0.000,0.000,0,
"2020-08-22T16:00:00Z","2020-08-22T16:30:00Z",0.000,0.000,0,
"2020-08-22T16:30:00Z","2020-08-22T17:00:00Z",0.000,0.000,0,
"2020-08-22T17:00:00Z","2020-08-22T17:30:00Z",0.000,0.000,0,
"2020-08-22T17:30:00Z","2020-08-22T18:00:00Z",0.000,0.000,0,
"2020-08-22T18:00:00Z","2020-08-22T18:30:00Z",0.000,0.000,0,
"2020-08-22T18:30:00Z","2020-08-22T19:00:00Z",0.000,0.000,0,
"2020-08-22T19:00:00Z","2020-08-22T19:30:00Z",0.000,0.000,0,
"2020-08-22T19:30:00Z","2020-08-22T20:00:00Z",0.000,0.000,0,
"2020-08-22T20:00:00Z","2020-08-22T20:30:00Z",0.000,0.000,0,
"2020-08-22T20:30:00Z","2020-08-22T21:00:00Z",0.000,0.000,0,
"2020-08-22T21:00:00Z","2020-08-22T21:30:00Z",0.000,0.000,0,
"2020-08-22T21:30:00Z","2020-08-22T22:00:00Z",0.000,0.000,0,
"2020-08-22T22:00:00Z","2020-08-22T22:30:00Z",0.000,0.000,0,
"2020-08-22T22:30:00Z","2020-08-22T23:00:00Z",0.000,0.000,0,
"2020-08-22T23:00:00Z","2020-08-22T23:30:00Z",0.000,0.000,0,
"2020-08-22T23:30:00Z","2020-08-23T00:00:00Z",0.000,0.000,0,
"2020-08-23T00:00:00Z","2020-08-23T00:30:00Z",0.000,0.000,0,
"2020-08-23T00:30:00Z","2020-08-23T01:00:00Z",0.000,0.000,0,
"2020-08-23T01:00:00Z","2020-08-23T01:30:00Z",0.000,0.000,0,
"2020-08-23T01:30:00Z","2020-08-23T02:00:00Z",0.000,0.000,0,
"2020-08-23T02:00:00Z","2020-08-23T02:30:00Z",0.000,0.000,0,
"2020-08-23T02:30:00Z","2020-08-23T03:00:00Z",0.000,0.000,0,
"2020-08-23T03:00:00Z","2020-08-23T03:30:00Z",0.000,0.000,0,
"2020-08-23T03:30:00Z","2020-08-23T04:00:00Z",0.000,0.000,0,
"2020-08-23T04:00:00Z","2020-08-23T04:30:00Z",0.000,0.000,0,
"2020-08-23T04:30:00Z","2020-08-23T05:00:00Z",0.000,0.000,0,
"2020-08-23T05:00:00Z","2020-08-23T05:30:00Z",0.000,0.000,0,
"2020-08-23T05:30:00Z","2020-08-23T06:00:00Z",0.000,0.000,0,
"2020-08-23T06:00:00Z","2020-08-23T06:30:00Z",0.000,0.000,0,
"2020-08-23T06:30:00Z","2020-08-23T07:00:00Z",0.000,0.000,0,
"2020-08-23T07:00:00Z","2020-08-23T07:30:00Z",0.000,0.000,0,
"2020-08-23T07:30:00Z","2020-08-23T08:00:00Z",0.000,0.000,0,
"2020-08-23T08:00:00Z","2020-08-23T08:30:00Z",0.000,0.000,0,
"2020-08-23T08:30:00Z","2020-08-23T09:00:00Z",0.000,0.000,0,
"2020-08-23T09:00:00Z","2020-08-23T09:30:00Z",0.000,0.000,0,
"2020-08-23T09:30:00Z","2020-08-23T10:00:00Z",0.000,0.000,0,
"2020-08-23T10:00:00Z","2020-08-23T10:30:00Z",0.000,0.000,0,
"2020-08-23T10:30:00Z","2020-08-23T11:00:00Z",0.000,0.000,0,
"2020-08-23T11:00:00Z","2020-08-23T11:30:00Z",0.000,0.000,0,
"2020-08-23T11:30:00Z","2020-08-23T12:00:00Z",0.000,0.000,0,
"2020-08-23T12:00:00Z","2020-08-23T12:30:00Z",0.000,0.000,0,
"2020-08-23T12:30:00Z","2020-08-23T13:00:00Z",0.000,0.000,0,
"2020-08-23T13:00:00Z","2020-08-23T13:30:00Z",0.000,0.000,0,
"2020-08-23T13:30:00Z","2020-08-23T14:00:00Z",0.000,0.000,0,
"2020-08-23T14:00:00Z","2020-08-23T14:30:00Z",0.000,0.000,0,
"2020-08-23T14:30:00Z","2020-08-23T15:00:00Z",0.000,0.000,0,
"2020-08-23T15:00:00Z","2020-08-23T15:30:00Z",0.000,0.000,0,
"2020-08-23T15:30:00Z","2020-08-23T16:00:00Z",0.000,0.000,0,
"2020-08-23T16:00:00Z","2020-08-23T16:30:00Z",0.000,0.000,0,
"2020-08-23T16:30:00Z","2020-08-23T17:00:00Z",0.000,0.000,0,
"2020-08-23T17:00:00Z","2020-08-23T17:30:00Z",0.000,0.000,0,
"2020-08-23T17:30:00Z","2020-08-23T18:00:00Z",0.000,0.000,0,
"2020-08-23T18:00:00Z","2020-08-23T18:30:00Z",0.000,0.000,0,
"2020-08-23T18:30:00Z","2020-08-23T19:00:00Z",0.000,0.000,0,
"2020-08-23T19:00:00Z","2020-08-23T19:30:00Z",0.000,0.000,0,
"2020-08-23T19:30:00Z","2020-08-23T20:00:00Z",0.000,0.000,0,
"2020-08-23T20:00:00Z","2020-08-23T20:30:00Z",0.000,0.000,0,
"2020-08-23T20:30:00Z","2020-08-23T21:00:00Z",0.000,0.000,0,
"2020-08-23T21:00:00Z","2020-08-23T21:30:00Z",0.000,0.000,0,
"2020-08-23T21:30:00Z","2020-08-23T22:00:00Z",0.000,0.000,0,
"2020-08-23T22:00:00Z","2020-08-23T22:30:00Z",0.000,0.000,0,
"2020-08-23T22:30:00Z","2020-08-23T23:00:00Z",0.000,0.000,0,
"2020-08-23T23:00:00Z","2020-08-23T23:30:00Z",0.000,0.000,0,
"2020-08-23T23:30:00Z","2020-08-24T00:00:00Z",0.000,0.000,0,
"2020-08-24T00:00:00Z","2020-08-24T00:30:00Z",0.000,0.000,0,
"2020-08-24T00:30:00Z","2020-08-24T01:00:00Z",0.000,0.000,0,
"2020-08-24T01:00:00Z","2020-08-24T01:30:00Z",0.000,0.000,0,
"2020-08-24T01:30:00Z","2020-08-24T02:00:00Z",0.000,0.000,0,
"2020-08-24T02:00:00Z","2020-08-24T02:30:00Z",0.000,0.000,0,
"2020-08-24T02:30:00Z","2020-08-24T03:00:00Z",0.000,0.000,0,
"2020-08-24T03:00:00Z","2020-08-24T03:30:00Z",0.000,0.000,0,
"2020-08-24T03:30:00Z","2020-08-24T04:00:00Z",0.000,0.000,0,
"2020-08-24T04:00:00Z","2020-08-24T04:30:00Z",0.000,0.000,0,
"2020-08-24T04:30:00Z","2020-08-24T05:00:00Z",0.000,0.000,0,
"2020-08-24T05:00:00Z","2020-08-24T05:30:00Z",0.000,0.000,0,
"2020-08-24T05:30:00Z","2020-08-24T06:00:00Z",0.000,0.000,0,
"2020-08-24T06:00:00Z","2020-08-24T06:30:00Z",0.000,0.000,0,
"2020-08-24T06:30:00Z","2020-08-24T07:00:00Z",0.000,0.000,0,
"2020-08-24T07:00:00Z","2020-08-24T07:30:00Z",0.000,0.000,0,
"2020-08-24T07:30:00Z","2020-08-24T08:00:00Z",0.000,0.000,0,
"2020-08-24T08:00:00Z","2020-08-24T08:30:00Z",0.000,0.000,0,
"2020-08-24T08:30:00Z","2020-08-24T09:00:00Z",0.000,0.000,0,
"2020-08-24T09:00:00Z","2020-08-24T09:30:00Z",0.000,0.000,0,
"2020-08-24T09:30:00Z","2020-08-24T10:00:00Z",0.000,0.000,0,
"2020-08-24T10:00:00Z","2020-08-24T10:30:00Z",0.000,0.000,0,
"2020-08-24T10:30:00Z","2020-08-24T11:00:00Z",0.000,0.000,0,
"2020-08-24T11:00:00Z","2020-08-24T11:30:00Z",0.000,0.000,0,
"2020-08-24T11:30:00Z","2020-08-24T12:00:00Z",0.000,0.000,0,
"2020-08-24T12:00:00Z","2020-08-24T12:30:00Z",0.000,0.000,0,
"2020-08-24T12:30:00Z","2020-08-24T13:00:00Z",0.000,0.000,0,
"2020-08-24T13:00:00Z","2020-08-24T13:30:00Z",0.000,0.000,0,
"2020-08-24T13:30:00Z","2020-08-24T14:00:00Z",0.000,0.000,0,
"2020-08-24T14:00:00Z","2020-08-24T14:30:00Z",0.000,0.000,0,
"2020-08-24T14:30:00Z","2020-08-24T15:00:00Z",0.000,0.000,0,
"2020-08-24T15:00:00Z","2020-08-24T15:30:00Z",0.000,0.000,0,
"2020-08-24T15:30:00Z","2020-08-24T16:00:00Z",0.000,0.000,0,
"2020-08-24T16:00:00Z","2020-08-24T16:30:00Z",0.000,0.000,0,
"2020-08-24T16:30:00Z","2020-08-24T17:00:00Z",0.000,0.000,0,
"2020-08-24T17:00:00Z","2020-08-24T17:30:00Z",0.000,0.000,0,
"2020-08-24T17:30:00Z","2020-08-24T18:00:00Z",0.000,0.000,0,
"2020-08-24T18:00:00Z","2020-08-24T18:30:00Z",0.000,0.000,0,
"2020-08-24T18:30:00Z","2020-08-24T19:00:00Z",0.000,0.000,0,
"2020-08-24T19:00:00Z","2020-08-24T19:30:00Z",0.000,0.000,0,
"2020-08-24T19:30:00Z","2020-08-24T20:00:00Z",0.000,0.000,0,
"2020-08-24T20:00:00Z","2020-08-24T20:30:00Z",0.000,0.000,0,
"2020-08-24T20:30:00Z","2020-08-24T21:00:00Z",0.000,0.000,0,
"2020-08-24T21:00:00Z","2020-08-24T21:30:00Z",0.000,0.000,0,
"2020-08-24T21:30:00Z","2020-08-24T22:00:00Z",0.000,0.000,0,
"2020-08-24T22:00:00Z","2020-08-24T22:30:00Z",0.000,0.000,0,
"2020-08-24T22:30:00Z","2020-08-24T23:00:00Z",0.000,0.000,0,
"2020-08-24T23:00:00Z","2020-08-24T23:30:00Z",0.000,0.000,0,
"2020-08-24T23:30:00Z","2020-08-25T00:00:00Z",0.000,0.000,0,
"2020-08-25T00:00:00Z","2020-08-25T00:30:00Z",0.000,0.000,0,
"2020-08-25T00:30:00Z","2020-08-25T01:00:00Z",0.000,0.000,0,
"2020-08-25T01:00:00Z","2020-08-25T01:30:00Z",0.000,0.000,0,
"2020-08-25T01:30:00Z","2020-08-25T02:00:00Z",0.000,0.000,0,
"2020-08-25T02:00:00Z","2020-08-25T02:30:00Z",0.000,0.000,0,
"2020-08-25T02:30:00Z","2020-08-25T03:00:00Z",0.000,0.000,0,
"2020-08-25T03:00:00Z","2020-08-25T03:30:00Z",0.000,0.000,0,
"2020-08-25T03:30:00Z","2020-08-25T04:00:00Z",0.000,0.000,0,
"2020-08-25T04:00:00Z","2020-08-25T04:30:00Z",0.000,0.000,0,
"2020-08-25T04:30:00Z","2020-08-25T05:00:00Z",0.000,0.000,0,
"2020-08-25T05:00:00Z","2020-08-25T05:30:00Z",0.000,0.000,0,
"2020-08-25T05:30:00Z","2020-08-25T06:00:00Z",0.000,0.000,0,
"2020-08-25T06:00:00Z","2020-08-25T06:30:00Z",0.000,0.000,0,
"2020-08-25T06:30:00Z","2020-08-25T07:00:00Z",0.000,0.000,0,
"2020-08-25T07:00:00Z","2020-08-25T07:30:00Z",0.000,0.000,0,
"2020-08-25T07:30:00Z","2020-08-25T08:00:00Z",0.000,0.000,0,
"2020-08-25T08:00:00Z","2020-08-25T08:30:00Z",0.000,0.000,0,
"2020-08-25T08:30:00Z","2020-08-25T09:00:00Z",0.000,0.000,0,
"2020-08-25T09:00:00Z","2020-08-25T09:30:00Z",0.000,0.000,0,
"2020-08-25T09:30:00Z","2020-08-25T10:00:00Z",0.000,0.000,0,
"2020-08-25T10:00:00Z","2020-08-25T10:30:00Z",0.000,0.000,0,
"2020-08-25T10:30:00Z","2020-08-25T11:00:00Z",0.000,0.000,0,
"2020-08-25T11:00:00Z","2020-08-25T11:30:00Z",0.000,0.000,0,
"2020-08-25T11:30:00Z","2020-08-25T12:00:00Z",0.000,0.000,0,
"2020-08-25T12:00:00Z","2020-08-25T12:30:00Z",0.000,0.000,0,
"2020-08-25T12:30:00Z","2020-08-25T13:00:00Z",0.000,0.000,0,
"2020-08-25T13:00:00Z","2020-08-25T13:30:00Z",0.000,0.000,0,
"2020-08-25T13:30:00Z","2020-08-25T14:00:00Z",0.000,0.000,0,
"2020-08-25T14:00:00Z","2020-08-25T14:30:00Z",0.000,0.000,0,
"2020-08-25T14:30:00Z","2020-08-25T15:00:00Z",0.000,0.000,0,
"2020-08-25T15:00:00Z","2020-08-25T15:30:00Z",0.000,0.000,0,
"2020-08-25T15:30:00Z","2020-08-25T16:00:00Z",0.000,0.000,0,
"2020-08-25T16:00:00Z","2020-08-25T16:30:00Z",0.391,0.004,0,
"2020-08-25T16:30:00Z","2020-08-25T17:00:00Z",0.000,0.000,0,
"2020-08-25T17:00:00Z","2020-08-25T17:30:00Z",0.000,0.000,0,
"2020-08-25T17:30:00Z","2020-08-25T18:00:00Z",0.000,0.000,0,
"2020-08-25T18:00:00Z","2020-08-25T18:30:00Z",0.000,0.000,0,
"2020-08-25T18:30:00Z","2020-08-25T19:00:00Z",0.000,0.000,0,
"2020-08-25T19:00:00Z","2020-08-25T19:30:00Z",0.000,0.000,0,
"2020-08-25T19:30:00Z","2020-08-25T20:00:00Z",0.000,0.000,0,
"2020-08-25T20:00:00Z","2020-08-25T20:30:00Z",0.000,0.000,0,
"2020-08-25T20:30:00Z","2020-08-25T21:00:00Z",0.000,0.000,0,
"2020-08-25T21:00:00Z","2020-08-25T21:30:00Z",0.000,0.000,0,
"2020-08-25T21:30:00Z","2020-08-25T22:00:00Z",0.000,0.000,0,
"2020-08-25T22:00:00Z","2020-08-25T22:30:00Z",0.000,0.000,0,
"2020-08-25T22:30:00Z","2020-08-25T23:00:00Z",5.861,0.016,0,
"2020-08-25T23:00:00Z","2020-08-25T23:30:00Z",0.977,0.007,0,
"2020-08-25T23:30:00Z","2020-08-26T00:00:00Z",0.195,0.003,0,
"2020-08-26T00:00:00Z","2020-08-26T00:30:00Z",0.065,0.002,0,
"2020-08-26T00:30:00Z","2020-08-26T01:00:00Z",0.000,0.000,0,
"2020-08-26T01:00:00Z","2020-08-26T01:30:00Z",0.000,0.000,0,
"2020-08-26T01:30:00Z","2020-08-26T02:00:00Z",0.000,0.000,0,
"2020-08-26T02:00:00Z","2020-08-26T02:30:00Z",0.000,0.000,0,
"2020-08-26T02:30:00Z","2020-08-26T03:00:00Z",0.000,0.000,0,
"2020-08-26T03:00:00Z","2020-08-26T03:30:00Z",0.000,0.000,0,
"2020-08-26T03:30:00Z","2020-08-26T04:00:00Z",0.000,0.000,0,
"2020-08-26T04:00:00Z","2020-08-26T04:30:00Z",0.000,0.000,0,
"2020-08-26T04:30:00Z","2020-08-26T05:00:00Z",0.000,0.000,0,
"2020-08-26T05:00:00Z","2020-08-26T05:30:00Z",0.000,0.000,0,
"2020-08-26T05:30:00Z","2020-08-26T06:00:00Z",0.000,0.000,0,
"2020-08-26T06:00:00Z","2020-08-26T06:30:00Z",0.000,0.000,0,
"2020-08-26T06:30:00Z","2020-08-26T07:00:00Z",0.000,0.000,0,
"2020-08-26T07:00:00Z","2020-08-26T07:30:00Z",0.000,0.000,0,
"2020-08-26T07:30:00Z","2020-08-26T08:00:00Z",0.000,0.000,0,
"2020-08-26T08:00:00Z","2020-08-26T08:30:00Z",0.000,0.000,0,
"2020-08-26T08:30:00Z","2020-08-26T09:00:00Z",0.000,0.000,0,
"2020-08-26T09:00:00Z","2020-08-26T09:30:00Z",0.000,0.000,0,
"2020-08-26T09:30:00Z","2020-08-26T10:00:00Z",0.000,0.000,0,
"2020-08-26T10:00:00Z","2020-08-26T10:30:00Z",0.000,0.000,0,
"2020-08-26T10:30:00Z","2020-08-26T11:00:00Z",0.000,0.000,0,
"2020-08-26T11:00:00Z","2020-08-26T11:30:00Z",0.000,0.000,0,
"2020-08-26T11:30:00Z","2020-08-26T12:00:00Z",0.000,0.000,0,
"2020-08-26T12:00:00Z","2020-08-26T12:30:00Z",0.000,0.000,0,
"2020-08-26T12:30:00Z","2020-08-26T13:00:00Z",0.000,0.000,0,
"2020-08-26T13:00:00Z","2020-08-26T13:30:00Z",0.000,0.000,0,
"2020-08-26T13:30:00Z","2020-08-26T14:00:00Z",0.000,0.000,0,
"2020-08-26T14:00:00Z","2020-08-26T14:30:00Z",0.000,0.000,0,
"2020-08-26T14:30:00Z","2020-08-26T15:00:00Z",0.000,0.000,0,
"2020-08-26T15:00:00Z","2020-08-26T15:30:00Z",0.000,0.000,0,
"2020-08-26T15:30:00Z","2020-08-26T16:00:00Z",0.000,0.000,0,
"2020-08-26T16:00:00Z","2020-08-26T16:30:00Z",0.000,0.000,0,
"2020-08-26T16:30:00Z","2020-08-26T17:00:00Z",0.000,0.000,0,
"2020-08-26T17:00:00Z","2020-08-26T17:30:00Z",0.000,0.000,0,
"2020-08-26T17:30:00Z","2020-08-26T18:00:00Z",0.000,0.000,0,
"2020-08-26T18:00:00Z","2020-08-26T18:30:00Z",0.000,0.000,0,
"2020-08-26T18:30:00Z","2020-08-26T19:00:00Z",0.000,0.000,0,
"2020-08-26T19:00:00Z","2020-08-26T19:30:00Z",0.000,0.000,0,
"2020-08-26T19:30:00Z","2020-08-26T20:00:00Z",0.000,0.000,0,
"2020-08-26T20:00:00Z","2020-08-26T20:30:00Z",0.000,0.000,0,
"2020-08-26T20:30:00Z","2020-08-26T21:00:00Z",0.000,0.000,0,
"2020-08-26T21:00:00Z","2020-08-26T21:30:00Z",0.000,0.000,0,
"2020-08-26T21:30:00Z","2020-08-26T22:00:00Z",0.000,0.000,0,
"2020-08-26T22:00:00Z","2020-08-26T22:30:00Z",0.000,0.000,0,
"2020-08-26T22:30:00Z","2020-08-26T23:00:00Z",0.000,0.000,0,
"2020-08-26T23:00:00Z","2020-08-26T23:30:00Z",0.000,0.000,0,
"2020-08-26T23:30:00Z","2020-08-27T00:00:00Z",0.000,0.000,0,
"2020-08-27T00:00:00Z","2020-08-27T00:30:00Z",0.000,0.000,0,
"2020-08-27T00:30:00Z","2020-08-27T01:00:00Z",0.000,0.000,0,
"2020-08-27T01:00:00Z","2020-08-27T01:30:00Z",0.000,0.000,0,
"2020-08-27T01:30:00Z","2020-08-27T02:00:00Z",0.000,0.000,0,
"2020-08-27T02:00:00Z","2020-08-27T02:30:00Z",0.000,0.000,0,
"2020-08-27T02:30:00Z","2020-08-27T03:00:00Z",0.000,0.000,0,
"2020-08-27T03:00:00Z","2020-08-27T03:30:00Z",0.000,0.000,0,
"2020-08-27T03:30:00Z","2020-08-27T04:00:00Z",0.000,0.000,0,
"2020-08-27T04:00:00Z","2020-08-27T04:30:00Z",0.000,0.000,0,
"2020-08-27T04:30:00Z","2020-08-27T05:00:00Z",0.000,0.000,0,
"2020-08-27T05:00:00Z","2020-08-27T05:30:00Z",0.000,0.000,0,
"2020-08-27T05:30:00Z","2020-08-27T06:00:00Z",0.000,0.000,0,
"2020-08-27T06:00:00Z","2020-08-27T06:30:00Z",0.000,0.000,0,
"2020-08-27T06:30:00Z","2020-08-27T07:00:00Z",0.000,0.000,0,
"2020-08-27T07:00:00Z","2020-08-27T07:30:00Z",0.000,0.000,0,
"2020-08-27T07:30:00Z","2020-08-27T08:00:00Z",0.000,0.000,0,
"2020-08-27T08:00:00Z","2020-08-27T08:30:00Z",0.000,0.000,0,
"2020-08-27T08:30:00Z","2020-08-27T09:00:00Z",0.000,0.000,0,
"2020-08-27T09:00:00Z","2020-08-27T09:30:00Z",0.000,0.000,0,
"2020-08-27T09:30:00Z","2020-08-27T10:00:00Z",0.000,0.000,0,
"2020-08-27T10:00:00Z","2020-08-27T10:30:00Z",0.000,0.000,0,
"2020-08-27T10:30:00Z","2020-08-27T11:00:00Z",0.000,0.000,0,
"2020-08-27T11:00:00Z","2020-08-27T11:30:00Z",0.000,0.000,0,
"2020-08-27T11:30:00Z","2020-08-27T12:00:00Z",0.000,0.000,0,
"2020-08-27T12:00:00Z","2020-08-27T12:30:00Z",0.000,0.000,0,
"2020-08-27T12:30:00Z","2020-08-27T13:00:00Z",0.000,0.000,0,
"2020-08-27T13:00:00Z","2020-08-27T13:30:00Z",0.000,0.000,0,
"2020-08-27T13:30:00Z","2020-08-27T14:00:00Z",0.000,0.000,0,
"2020-08-27T14:00:00Z","2020-08-27T14:30:00Z",0.000,0.000,0,
"2020-08-27T14:30:00Z","2020-08-27T15:00:00Z",0.000,0.000,0,
"2020-08-27T15:00:00Z","2020-08-27T15:30:00Z",0.000,0.000,0,
"2020-08-27T15:30:00Z","2020-08-27T16:00:00Z",0.000,0.000,0,
"2020-08-27T16:00:00Z","2020-08-27T16:30:00Z",0.000,0.000,0,
"2020-08-27T16:30:00Z","2020-08-27T17:00:00Z",0.000,0.000,0,
"2020-08-27T17:00:00Z","2020-08-27T17:30:00Z",0.000,0.000,0,
"2020-08-27T17:30:00Z","2020-08-27T18:00:00Z",0.000,0.000,0,
"2020-08-27T18:00:00Z","2020-08-27T18:30:00Z",0.000,0.000,0,
"2020-08-27T18:30:00Z","2020-08-27T19:00:00Z",0.000,0.000,0,
"2020-08-27T19:00:00Z","2020-08-27T19:30:00Z",0.000,0.000,0,
"2020-08-27T19:30:00Z","2020-08-27T20:00:00Z",0.000,0.000,0,
"2020-08-27T20:00:00Z","2020-08-27T20:30:00Z",0.000,0.000,0,
"2020-08-27T20:30:00Z","2020-08-27T21:00:00Z",0.000,0.000,0,
"2020-08-27T21:00:00Z","2020-08-27T21:30:00Z",0.000,0.000,0,
"2020-08-27T21:30:00Z","2020-08-27T22:00:00Z",0.000,0.000,0,
"2020-08-27T22:00:00Z","2020-08-27T22:30:00Z",0.000,0.000,0,
"2020-08-27T22:30:00Z","2020-08-27T23:00:00Z",0.000,0.000,0,
"2020-08-27T23:00:00Z","2020-08-27T23:30:00Z",0.000,0.000,0,
"2020-08-27T23:30:00Z","2020-08-28T00:00:00Z",0.000,0.000,0,
"2020-08-28T00:00:00Z","2020-08-28T00:30:00Z",0.000,0.000,0,
"2020-08-28T00:30:00Z","2020-08-28T01:00:00Z",0.000,0.000,0,
"2020-08-28T01:00:00Z","2020-08-28T01:30:00Z",0.000,0.000,0,
"2020-08-28T01:30:00Z","2020-08-28T02:00:00Z",0.000,0.000,0,
"2020-08-28T02:00:00Z","2020-08-28T02:30:00Z",0.000,0.000,0,
"2020-08-28T02:30:00Z","2020-08-28T03:00:00Z",0.000,0.000,0,
"2020-08-28T03:00:00Z","2020-08-28T03:30:00Z",0.000,0.000,0,
"2020-08-28T03:30:00Z","2020-08-28T04:00:00Z",0.000,0.000,0,
"2020-08-28T04:00:00Z","2020-08-28T04:30:00Z",0.000,0.000,0,
"2020-08-28T04:30:00Z","2020-08-28T05:00:00Z",0.000,0.000,0,
"2020-08-28T05:00:00Z","2020-08-28T05:30:00Z",0.000,0.000,0,
"2020-08-28T05:30:00Z","2020-08-28T06:00:00Z",0.000,0.000,0,
"2020-08-28T06:00:00Z","2020-08-28T06:30:00Z",0.000,0.000,0,
"2020-08-28T06:30:00Z","2020-08-28T07:00:00Z",0.000,0.000,0,
"2020-08-28T07:00:00Z","2020-08-28T07:30:00Z",0.000,0.000,0,
"2020-08-28T07:30:00Z","2020-08-28T08:00:00Z",0.000,0.000,0,
"2020-08-28T08:00:00Z","2020-08-28T08:30:00Z",0.000,0.000,0,
"2020-08-28T08:30:00Z","2020-08-28T09:00:00Z",0.000,0.000,0,
"2020-08-28T09:00:00Z","2020-08-28T09:30:00Z",0.000,0.000,0,
"2020-08-28T09:30:00Z","2020-08-28T10:00:00Z",0.000,0.000,0,
"2020-08-28T10:00:00Z","2020-08-28T10:30:00Z",0.000,0.000,0,
"2020-08-28T10:30:00Z","2020-08-28T11:00:00Z",0.000,0.000,0,
"2020-08-28T11:00:00Z","2020-08-28T11:30:00Z",0.000,0.000,0,
"2020-08-28T11:30:00Z","2020-08-28T12:00:00Z",0.000,0.000,0,
"2020-08-28T12:00:00Z","2020-08-28T12:30:00Z",0.000,0.000,0,
"2020-08-28T12:30:00Z","2020-08-28T13:00:00Z",0.000,0.000,0,
"2020-08-28T13:00:00Z","2020-08-28T13:30:00Z",0.000,0.000,0,
"2020-08-28T13:30:00Z","2020-08-28T14:00:00Z",0.000,0.000,0,
"2020-08-28T14:00:00Z","2020-08-28T14:30:00Z",0.000,0.000,0,
"2020-08-28T14:30:00Z","2020-08-28T15:00:00Z",0.000,0.000,0,
"2020-08-28T15:00:00Z","2020-08-28T15:30:00Z",0.000,0.000,0,
"2020-08-28T15:30:00Z","2020-08-28T16:00:00Z",0.000,0.000,0,
"2020-08-28T16:00:00Z","2020-08-28T16:30:00Z",0.000,0.000,0,
"2020-08-28T16:30:00Z","2020-08-28T17:00:00Z",0.000,0.000,0,
"2020-08-28T17:00:00Z","2020-08-28T17:30:00Z",0.000,0.000,0,
"2020-08-28T17:30:00Z","2020-08-28T18:00:00Z",0.000,0.000,0,
"2020-08-28T18:00:00Z","2020-08-28T18:30:00Z",0.000,0.000,0,
"2020-08-28T18:30:00Z","2020-08-28T19:00:00Z",0.000,0.000,0,
"2020-08-28T19:00:00Z","2020-08-28T19:30:00Z",0.000,0.000,0,
"2020-08-28T19:30:00Z","2020-08-28T20:00:00Z",0.000,0.000,0,
"2020-08-28T20:00:00Z","2020-08-28T20:30:00Z",0.000,0.000,0,
"2020-08-28T20:30:00Z","2020-08-28T21:00:00Z",0.000,0.000,0,
"2020-08-28T21:00:00Z","2020-08-28T21:30:00Z",0.000,0.000,0,
"2020-08-28T21:30:00Z","2020-08-28T22:00:00Z",0.065,0.002,0,
"2020-08-28T22:00:00Z","2020-08-28T22:30:00Z",0.261,0.003,0,
"2020-08-28T22:30:00Z","2020-08-28T23:00:00Z",0.195,0.003,0,
"2020-08-28T23:00:00Z","2020-08-28T23:30:00Z",0.716,0.006,0,
"2020-08-28T23:30:00Z","2020-08-29T00:00:00Z",0.391,0.004,0,
"2020-08-29T00:00:00Z","2020-08-29T00:30:00Z",1.433,0.008,0,
"2020-08-29T00:30:00Z","2020-08-29T01:00:00Z",0.261,0.003,0,
"2020-08-29T01:00:00Z","2020-08-29T01:30:00Z",0.326,0.004,0,
"2020-08-29T01:30:00Z","2020-08-29T02:00:00Z",0.195,0.003,0,
"2020-08-29T02:00:00Z","2020-08-29T02:30:00Z",0.130,0.002,0,
"2020-08-29T02:30:00Z","2020-08-29T03:00:00Z",0.391,0.004,0,
"2020-08-29T03:00:00Z","2020-08-29T03:30:00Z",0.716,0.006,0,
"2020-08-29T03:30:00Z","2020-08-29T04:00:00Z",0.716,0.006,0,
"2020-08-29T04:00:00Z","2020-08-29T04:30:00Z",0.130,0.002,0,
"2020-08-29T04:30:00Z","2020-08-29T05:00:00Z",0.130,0.002,0,
"2020-08-29T05:00:00Z","2020-08-29T05:30:00Z",0.065,0.002,0,
"2020-08-29T05:30:00Z","2020-08-29T06:00:00Z",0.000,0.000,0,
"2020-08-29T06:00:00Z","2020-08-29T06:30:00Z",0.065,0.002,0,
"2020-08-29T06:30:00Z","2020-08-29T07:00:00Z",0.065,0.002,0,
"2020-08-29T07:00:00Z","2020-08-29T07:30:00Z",0.000,0.000,0,
"2020-08-29T07:30:00Z","2020-08-29T08:00:00Z",0.065,0.002,0,
"2020-08-29T08:00:00Z","2020-08-29T08:30:00Z",0.000,0.000,0,
"2020-08-29T08:30:00Z","2020-08-29T09:00:00Z",0.000,0.000,0,
"2020-08-29T09:00:00Z","2020-08-29T09:30:00Z",0.000,0.000,0,
"2020-08-29T09:30:00Z","2020-08-29T10:00:00Z",0.000,0.000,0,
"2020-08-29T10:00:00Z","2020-08-29T10:30:00Z",0.000,0.000,0,
"2020-08-29T10:30:00Z","2020-08-29T11:00:00Z",0.000,0.000,0,
"2020-08-29T11:00:00Z","2020-08-29T11:30:00Z",0.000,0.000,0,
"2020-08-29T11:30:00Z","2020-08-29T12:00:00Z",0.065,0.002,0,
"2020-08-29T12:00:00Z","2020-08-29T12:30:00Z",0.065,0.002,0,
"2020-08-29T12:30:00Z","2020-08-29T13:00:00Z",0.130,0.002,0,
"2020-08-29T13:00:00Z","2020-08-29T13:30:00Z",1.954,0.009,0,
"2020-08-29T13:30:00Z","2020-08-29T14:00:00Z",0.521,0.005,0,
"2020-08-29T14:00:00Z","2020-08-29T14:30:00Z",0.065,0.002,0,
"2020-08-29T14:30:00Z","2020-08-29T15:00:00Z",0.065,0.002,0,
"2020-08-29T15:00:00Z","2020-08-29T15:30:00Z",0.000,0.000,0,
"2020-08-29T15:30:00Z","2020-08-29T16:00:00Z",0.000,0.000,0,
"2020-08-29T16:00:00Z","2020-08-29T16:30:00Z",0.130,0.002,0,
"2020-08-29T16:30:00Z","2020-08-29T17:00:00Z",0.130,0.002,0,
"2020-08-29T17:00:00Z","2020-08-29T17:30:00Z",5.340,0.015,0,
"2020-08-29T17:30:00Z","2020-08-29T18:00:00Z",0.130,0.002,0,
"2020-08-29T18:00:00Z","2020-08-29T18:30:00Z",0.065,0.002,0,
"2020-08-29T18:30:00Z","2020-08-29T19:00:00Z",0.000,0.000,0,
"2020-08-29T19:00:00Z","2020-08-29T19:30:00Z",0.000,0.000,0,
"2020-08-29T19:30:00Z","2020-08-29T20:00:00Z",0.000,0.000,0,
"2020-08-29T20:00:00Z","2020-08-29T20:30:00Z",0.000,0.000,0,
"2020-08-29T20:30:00Z","2020-08-29T21:00:00Z",0.000,0.000,0,
"2020-08-29T21:00:00Z","2020-08-29T21:30:00Z",0.000,0.000,0,
"2020-08-29T21:30:00Z","2020-08-29T22:00:00Z",0.000,0.000,0,
"2020-08-29T22:00:00Z","2020-08-29T22:30:00Z",0.000,0.000,0,
"2020-08-29T22:30:00Z","2020-08-29T23:00:00Z",0.000,0.000,0,
"2020-08-29T23:00:00Z","2020-08-29T23:30:00Z",0.000,0.000,0,
"2020-08-29T23:30:00Z","2020-08-30T00:00:00Z",0.000,0.000,0,
"2020-08-30T00:00:00Z","2020-08-30T00:30:00Z",0.000,0.000,0,
"2020-08-30T00:30:00Z","2020-08-30T01:00:00Z",0.000,0.000,0,
"2020-08-30T01:00:00Z","2020-08-30T01:30:00Z",0.000,0.000,0,
"2020-08-30T01:30:00Z","2020-08-30T02:00:00Z",0.000,0.000,0,
"2020-08-30T02:00:00Z","2020-08-30T02:30:00Z",0.000,0.000,0,
"2020-08-30T02:30:00Z","2020-08-30T03:00:00Z",0.000,0.000,0,
"2020-08-30T03:00:00Z","2020-08-30T03:30:00Z",0.000,0.000,0,
"2020-08-30T03:30:00Z","2020-08-30T04:00:00Z",0.000,0.000,0,
"2020-08-30T04:00:00Z","2020-08-30T04:30:00Z",0.000,0.000,0,
"2020-08-30T04:30:00Z","2020-08-30T05:00:00Z",0.000,0.000,0,
"2020-08-30T05:00:00Z","2020-08-30T05:30:00Z",0.000,0.000,0,
"2020-08-30T05:30:00Z","2020-08-30T06:00:00Z",0.000,0.000,0,
"2020-08-30T06:00:00Z","2020-08-30T06:30:00Z",0.000,0.000,0,
"2020-08-30T06:30:00Z","2020-08-30T07:00:00Z",0.000,0.000,0,
"2020-08-30T07:00:00Z","2020-08-30T07:30:00Z",0.000,0.000,0,
"2020-08-30T07:30:00Z","2020-08-30T08:00:00Z",0.000,0.000,0,
"2020-08-30T08:00:00Z","2020-08-30T08:30:00Z",0.000,0.000,0,
"2020-08-30T08:30:00Z","2020-08-30T09:00:00Z",0.000,0.000,0,
"2020-08-30T09:00:00Z","2020-08-30T09:30:00Z",0.000,0.000,0,
"2020-08-30T09:30:00Z","2020-08-30T10:00:00Z",0.000,0.000,0,
"2020-08-30T10:00:00Z","2020-08-30T10:30:00Z",0.000,0.000,0,
"2020-08-30T10:30:00Z","2020-08-30T11:00:00Z",0.000,0.000,0,
"2020-08-30T11:00:00Z","2020-08-30T11:30:00Z",0.000,0.000,0,
"2020-08-30T11:30:00Z","2020-08-30T12:00:00Z",0.000,0.000,0,
"2020-08-30T12:00:00Z","2020-08-30T12:30:00Z",0.000,0.000,0,
"2020-08-30T12:30:00Z","2020-08-30T13:00:00Z",0.000,0.000,0,
"2020-08-30T13:00:00Z","2020-08-30T13:30:00Z",0.000,0.000,0,
"2020-08-30T13:30:00Z","2020-08-30T14:00:00Z",0.000,0.000,0,
"2020-08-30T14:00:00Z","2020-08-30T14:30:00Z",0.000,0.000,0,
"2020-08-30T14:30:00Z","2020-08-30T15:00:00Z",0.000,0.000,0,
"2020-08-30T15:00:00Z","2020-08-30T15:30:00Z",0.000,0.000,0,
"2020-08-30T15:30:00Z","2020-08-30T16:00:00Z",0.000,0.000,0,
"2020-08-30T16:00:00Z","2020-08-30T16:30:00Z",0.000,0.000,0,
"2020-08-30T16:30:00Z","2020-08-30T17:00:00Z",0.000,0.000,0,
"2020-08-30T17:00:00Z","2020-08-30T17:30:00Z",0.000,0.000,0,
"2020-08-30T17:30:00Z","2020-08-30T18:00:00Z",0.000,0.000,0,
"2020-08-30T18:00:00Z","2020-08-30T18:30:00Z",0.000,0.000,0,
"2020-08-30T18:30:00Z","2020-08-30T19:00:00Z",0.000,0.000,0,
"2020-08-30T19:00:00Z","2020-08-30T19:30:00Z",0.000,0.000,0,
"2020-08-30T19:30:00Z","2020-08-30T20:00:00Z",0.000,0.000,0,
"2020-08-30T20:00:00Z","2020-08-30T20:30:00Z",0.000,0.000,0,
"2020-08-30T20:30:00Z","2020-08-30T21:00:00Z",0.000,0.000,0,
"2020-08-30T21:00:00Z","2020-08-30T21:30:00Z",0.000,0.000,0,
"2020-08-30T21:30:00Z","2020-08-30T22:00:00Z",0.000,0.000,0,
"2020-08-30T22:00:00Z","2020-08-30T22:30:00Z",0.000,0.000,0,
"2020-08-30T22:30:00Z","2020-08-30T23:00:00Z",0.000,0.000,0,
"2020-08-30T23:00:00Z","2020-08-30T23:30:00Z",0.000,0.000,0,
"2020-08-30T23:30:00Z","2020-08-31T00:00:00Z",0.000,0.000,0,
"2020-08-31T00:00:00Z","2020-08-31T00:30:00Z",0.000,0.000,0,
"2020-08-31T00:30:00Z","2020-08-31T01:00:00Z",0.000,0.000,0,
"2020-08-31T01:00:00Z","2020-08-31T01:30:00Z",0.000,0.000,0,
"2020-08-31T01:30:00Z","2020-08-31T02:00:00Z",0.000,0.000,0,
"2020-08-31T02:00:00Z","2020-08-31T02:30:00Z",0.000,0.000,0,
"2020-08-31T02:30:00Z","2020-08-31T03:00:00Z",0.000,0.000,0,
"2020-08-31T03:00:00Z","2020-08-31T03:30:00Z",0.000,0.000,0,
"2020-08-31T03:30:00Z","2020-08-31T04:00:00Z",0.000,0.000,0,
"2020-08-31T04:00:00Z","2020-08-31T04:30:00Z",0.000,0.000,0,
"2020-08-31T04:30:00Z","2020-08-31T05:00:00Z",0.000,0.000,0,
"2020-08-31T05:00:00Z","2020-08-31T05:30:00Z",0.000,0.000,0,
"2020-08-31T05:30:00Z","2020-08-31T06:00:00Z",0.000,0.000,0,
"2020-08-31T06:00:00Z","2020-08-31T06:30:00Z",0.000,0.000,0,
"2020-08-31T06:30:00Z","2020-08-31T07:00:00Z",0.000,0.000,0,
"2020-08-31T07:00:00Z","2020-08-31T07:30:00Z",0.000,0.000,0,
"2020-08-31T07:30:00Z","2020-08-31T08:00:00Z",0.000,0.000,0,
"2020-08-31T08:00:00Z","2020-08-31T08:30:00Z",0.000,0.000,0,
"2020-08-31T08:30:00Z","2020-08-31T09:00:00Z",0.000,0.000,0,
"2020-08-31T09:00:00Z","2020-08-31T09:30:00Z",0.000,0.000,0,
"2020-08-31T09:30:00Z","2020-08-31T10:00:00Z",0.000,0.000,0,
"2020-08-31T10:00:00Z","2020-08-31T10:30:00Z",0.000,0.000,0,
"2020-08-31T10:30:00Z","2020-08-31T11:00:00Z",0.000,0.000,0,
"2020-08-31T11:00:00Z","2020-08-31T11:30:00Z",0.000,0.000,0,
"2020-08-31T11:30:00Z","2020-08-31T12:00:00Z",0.000,0.000,0,
"2020-08-31T12:00:00Z","2020-08-31T12:30:00Z",0.000,0.000,0,
"2020-08-31T12:30:00Z","2020-08-31T13:00:00Z",0.065,0.002,0,
"2020-08-31T13:00:00Z","2020-08-31T13:30:00Z",0.000,0.000,0,
"2020-08-31T13:30:00Z","2020-08-31T14:00:00Z",0.000,0.000,0,
"2020-08-31T14:00:00Z","2020-08-31T14:30:00Z",0.065,0.002,0,
"2020-08-31T14:30:00Z","2020-08-31T15:00:00Z",0.065,0.002,0,
"2020-08-31T15:00:00Z","2020-08-31T15:30:00Z",0.000,0.000,0,
"2020-08-31T15:30:00Z","2020-08-31T16:00:00Z",0.130,0.002,0,
"2020-08-31T16:00:00Z","2020-08-31T16:30:00Z",0.000,0.000,0,
"2020-08-31T16:30:00Z","2020-08-31T17:00:00Z",0.000,0.000,0,
"2020-08-31T17:00:00Z","2020-08-31T17:30:00Z",0.782,0.006,0,
"2020-08-31T17:30:00Z","2020-08-31T18:00:00Z",0.000,0.000,0,
"2020-08-31T18:00:00Z","2020-08-31T18:30:00Z",0.000,0.000,0,
"2020-08-31T18:30:00Z","2020-08-31T19:00:00Z",0.000,0.000,0,
"2020-08-31T19:00:00Z","2020-08-31T19:30:00Z",0.000,0.000,0,
"2020-08-31T19:30:00Z","2020-08-31T20:00:00Z",0.130,0.002,0,
"2020-08-31T20:00:00Z","2020-08-31T20:30:00Z",0.000,0.000,0,
"2020-08-31T20:30:00Z","2020-08-31T21:00:00Z",0.000,0.000,0,
"2020-08-31T21:00:00Z","2020-08-31T21:30:00Z",0.000,0.000,0,
"2020-08-31T21:30:00Z","2020-08-31T22:00:00Z",0.000,0.000,0,
"2020-08-31T22:00:00Z","2020-08-31T22:30:00Z",0.000,0.000,0,
"2020-08-31T22:30:00Z","2020-08-31T23:00:00Z",0.000,0.000,0,
"2020-08-31T23:00:00Z","2020-08-31T23:30:00Z",0.065,0.002,0,
"2020-08-31T23:30:00Z","2020-09-01T00:00:00Z",0.000,0.000,0,
